1, 1, 2, 2, -1, 500, 275, 19.4, 23, ABarapppap, 353966, 54168, 71068, 1312, , 54168, 25000, 74082, 78825, 0, 
2, 1, 3, 26, 47, 432, 242, 21.4, 31, ABprpaaapp, 221055, 48450, 162987, 3364, , 48450, 25000, 65430, 64812, 0, 
3, 1, 156, 110, -1, 364, 238, 31.0, 29, ABarappappaaa, 145184, 48695, 137319, 2820, , 48695, 25000, 60863, 62477, 0, 
4, 1, 5, 162, 176, 552, 356, 34.5, 25, ABalaaaalppp, 440576, 53913, 87986, 1632, , 53913, 25000, 61654, 63188, 0, 
5, 1, 221, 192, -1, 130, 280, 38.0, 29, Caapap, 103503, 21445, 60476, 2820, , 21445, 25000, 26283, 25818, 0, 
6, 1, 211, 183, -1, 330, 212, 38.0, 27, MSpapppa, 295189, 19809, 46115, 2328, , 19809, 25000, 35550, 35289, 0, 
7, 1, 8, 253, -1, 212, 320, 42.2, 31, ABprpappppp, 147966, 14203, 46812, 3296, , 14203, 25000, 25752, 25016, 0, 
8, 1, 274, 298, -1, 314, 360, 44.0, 31, ABplppapaaappp, 223804, 43456, 150010, 3452, , 43456, 25000, 52491, 56053, 0, 
9, 1, 11, 11, -1, 497, 232, 49.9, 31, ABaraappaapa, 554236, 57625, 199151, 3456, , 57625, 25000, 72759, 76020, 0, 
10, 1, 363, 333, -1, 205, 309, 50.9, 31, Eplpa, 134450, 17605, 60844, 3456, , 17605, 25000, 26383, 26761, 0, 
11, 1, 381, 535, -1, 310, 236, 53.1, 31, Earpa, 120209, 16402, 56685, 3456, , 16402, 25000, 35066, 36126, 0, 
12, 1, 413, 391, -1, 411, 224, 56.6, 31, MSpaapapa, 444004, 40830, 137352, 3364, , 40830, 25000, 59992, 62092, 0, 
13, 1, 19, 419, -1, 194, 254, 60.0, 31, Epraa, 131409, 14262, 49232, 3452, , 14262, 25000, 24225, 24368, 0, 
14, 1, 437, 410, 437, 431, 379, 59.9, 31, ABalppppppa, 307383, 35558, 122889, 3456, , 35558, 25000, 60316, 63070, 0, 
15, 1, 18, 17, 530, 464, 286, 61.3, 31, ABaraapaap, 454028, 41030, 132937, 3240, , 41030, 25000, 65706, 67295, 0, 
16, 1, 21, 16, -1, 388, 210, 63.0, 31, MSpaaappp, 347944, 41906, 144659, 3452, , 41906, 25000, 54223, 53557, 0, 
17, 1, 550, 188, -1, 497, 317, 36.9, 31, ABaraaaaaapp, 467214, 70709, 244371, 3456, , 70709, 25000, 79754, 83727, 0, 
18, 1, 183, 161, -1, 471, 268, 36.9, 31, ABarapapaap, 377895, 53026, 183259, 3456, , 53026, 25000, 73622, 81325, 0, 
19, 1, 226, 21, -1, 330, 345, 40.7, 31, ABplppappaa, 239856, 43740, 141716, 3240, , 43740, 25000, 54485, 58573, 0, 
20, 1, 270, 237, -1, 536, 168, 44.0, 29, ABalappapppp, 407292, 64299, 181324, 2820, , 64299, 25000, 58943, 59175, 0, 
21, 1, 386, 368, -1, 484, 171, 53.6, 31, MSpaappaa, 422847, 40196, 135218, 3364, , 40196, 25000, 56119, 59582, 0, 
22, 1, 426, 536, -1, 296, 222, 59.1, 31, Earap, 112410, 16061, 55507, 3456, , 16061, 25000, 24569, 24895, 0, 
23, 1, 460, 15, -1, 348, 164, 64.0, 25, Dpppa, 186100, 8028, 14868, 1852, , 8028, 25000, 22248, 22248, 0, 
24, 1, 492, 473, 493, 528, 250, 70.0, 29, ABplaaaappa, 299111, 33453, 94337, 2820, , 33453, 25000, 37002, 37930, 0, 
25, 1, 457, 533, -1, 402, 322, 65.0, 29, MSappaaa, 235771, 29133, 82156, 2820, , 29133, 25000, 50315, 53049, 0, 
26, 1, 31, 22, -1, 436, 296, 18.0, 29, Nuc126_22_418_176p, 202988, 37584, 105988, 2820, , 37584, 25000, 49724, 47285, 0, 
27, 1, 32, 27, -1, 450, 264, 18.0, 29, ABalaapapap, 209142, 40736, 114875, 2820, , 40736, 25000, 50736, 50095, 0, 
28, 1, 1, 1, -1, 412, 210, 19.7, 31, ABpraappapapp, 278333, 37598, 121816, 3240, , 37598, 25000, 43125, 41129, 0, 
29, 1, 35, 28, -1, 498, 228, 19.0, 29, ABpraaaaaap, 267461, 56449, 159187, 2820, , 56449, 25000, 61347, 58411, 0, 
30, 1, 33, 23, -1, 446, 206, 20.0, 29, ABpraappapaa, 388667, 59118, 166714, 2820, , 59118, 25000, 54573, 52574, 0, 
31, 1, 43, 24, -1, 471, 200, 20.3, 31, ABprpaapapp, 284318, 55341, 179304, 3240, , 55341, 25000, 49421, 42942, 0, 
32, 1, 34, 32, -1, 475, 302, 20.2, 31, Nuc126_22_418_176a, 285940, 55048, 181437, 3296, , 55048, 25000, 61008, 59188, 0, 
33, 1, 40, 30, -1, 204, 257, 21.4, 31, ABprappppa, 211347, 26331, 88578, 3364, , 26331, 25000, 26948, 25263, 0, 
34, 0, 545, -1, -1, 222, 332, 21.0, 29, , 75471, 0, 0, 0, , 0, 0, 0, 0, 0, 
35, 1, 41, 31, -1, 356, 220, 21.0, 29, ABprapaapa, 234268, 40348, 113780, 2820, , 40348, 25000, 39624, 37999, 0, 
36, 1, 38, 25, -1, 362, 282, 21.0, 29, ABprpaaaapa, 135857, 36556, 103088, 2820, , 36556, 25000, 40742, 39360, 0, 
37, 1, 44, 41, -1, 475, 236, 21.7, 31, ABprpaaapaapaa, 274715, 53224, 172445, 3240, , 53224, 25000, 68819, 72078, 0, 
38, 1, 36, 29, -1, 533, 235, 21.6, 31, ABalaappapp, 375582, 47959, 161333, 3364, , 47959, 25000, 59013, 54352, 0, 
39, 1, 37, 33, -1, 210, 296, 22.0, 29, ABprpppapaaa, 92766, 29752, 83900, 2820, , 29752, 25000, 34549, 34118, 0, 
40, 1, 39, 36, -1, 390, 284, 22.3, 31, ABarappapap, 198734, 38325, 124172, 3240, , 38325, 25000, 51825, 53950, 0, 
41, 1, 47, 55, -1, 420, 294, 22.0, 29, ABarappapaap, 245962, 49830, 140520, 2820, , 49830, 25000, 63603, 69424, 0, 
42, 1, 42, 50, -1, 466, 284, 22.3, 31, ABarapppppp, 298664, 61234, 198397, 3240, , 61234, 25000, 67045, 75201, 0, 
43, 1, 61, 39, -1, 208, 226, 23.0, 29, ABprapappa, 185294, 22870, 64494, 2820, , 22870, 25000, 29523, 28786, 0, 
44, 1, 54, 40, -1, 238, 266, 23.0, 29, ABprppppapa, 102096, 24829, 70017, 2820, , 24829, 25000, 36688, 36394, 0, 
45, 1, 63, 45, -1, 268, 262, 23.0, 29, ABprpppaaaa, 83472, 35346, 99675, 2820, , 35346, 25000, 35563, 35545, 0, 
46, 1, 65, 34, -1, 380, 230, 23.0, 29, ABprppaapaa, 142326, 53925, 152068, 2820, , 53925, 25000, 55834, 60262, 0, 
47, 1, 25, 35, -1, 385, 187, 22.8, 31, ABpraappapp, 221969, 25919, 85428, 3296, , 25919, 25000, 29878, 29161, 0, 
48, 1, 48, 48, -1, 430, 326, 23.0, 29, ABprpappaaa, 228965, 44919, 126672, 2820, , 44919, 25000, 59333, 54359, 0, 
49, 1, 50, -1, -1, 470, 320, 23.2, 31, ABarappaapaa, 278345, 55036, 181399, 3296, , 55036, 25000, 66821, 68320, 0, 
50, 1, 58, 38, -1, 496, 200, 23.0, 29, ABpraaaapav, 400606, 48516, 136816, 2820, , 48516, 25000, 66493, 67325, 0, 
51, 1, 60, 42, -1, 528, 202, 23.0, 29, ABpraaaaaaa, 232341, 52331, 147574, 2820, , 52331, 25000, 55555, 53169, 0, 
52, 1, 52, 43, -1, 558, 278, 23.0, 29, ABalaapaap, 287938, 34873, 98343, 2820, , 34873, 25000, 41516, 36974, 0, 
53, 1, 53, 44, -1, 192, 340, 24.0, 29, Caapaap, 155831, 57917, 163325, 2820, , 57917, 25000, 36672, 34737, 0, 
54, 1, 76, 46, -1, 350, 254, 24.0, 29, ABarappappaap, 115747, 46295, 130553, 2820, , 46295, 25000, 50905, 52528, 0, 
55, 1, 46, 54, -1, 400, 324, 24.0, 29, ABarappaappp, 162344, 49098, 138457, 2820, , 49098, 25000, 58180, 60743, 0, 
56, 1, 57, 49, -1, 464, 216, 24.0, 29, ABprpaaapaapp, 261812, 64354, 181477, 2820, , 64354, 25000, 67591, 72475, 0, 
57, 1, 514, 51, -1, 474, 264, 23.8, 31, ABarapppppa, 256385, 53736, 177115, 3296, , 53736, 25000, 70578, 76572, 0, 
58, 1, 51, 57, -1, 486, 350, 24.0, 29, ABalppapapa, 304856, 61286, 172826, 2820, , 61286, 25000, 64162, 61366, 0, 
59, 1, 45, 37, -1, 486, 248, 24.0, 29, ABalaapapaa, 318469, 71900, 202757, 2820, , 71900, 25000, 67031, 81682, 0, 
60, 1, 59, 64, -1, 504, 312, 24.0, 29, ABalpapaapa, 253347, 52774, 148824, 2820, , 52774, 25000, 67998, 68937, 0, 
61, 1, 72, 52, -1, 242, 228, 25.0, 29, ABprpppaaap, 84250, 37571, 105951, 2820, , 37571, 25000, 36303, 36825, 0, 
62, 1, 55, 53, -1, 322, 248, 25.0, 29, ABprpaaaapp, 114237, 38329, 108089, 2820, , 38329, 25000, 44991, 44140, 0, 
63, 1, 49, 62, -1, 450, 372, 25.0, 29, ABalppapapp, 271150, 43757, 123394, 2820, , 43757, 25000, 54539, 49184, 0, 
64, 1, 83, 63, -1, 508, 252, 25.0, 29, ABarappppap, 287126, 59980, 169143, 2820, , 59980, 25000, 83323, 94692, 0, 
65, 1, 85, 66, -1, 528, 288, 25.4, 31, ABaraaappappp, 456132, 53748, 180807, 3364, , 53748, 25000, 65365, 72172, 0, 
66, 1, 67, 65, -1, 532, 268, 25.3, 31, ABarapppaa, 378701, 58906, 190856, 3240, , 58906, 25000, 69395, 82657, 0, 
67, 1, 86, 58, -1, 556, 244, 25.0, 29, ABalaaapprr, 307962, 44985, 126858, 2820, , 44985, 25000, 54413, 51030, 0, 
68, 1, 69, 59, -1, 188, 262, 26.0, 29, ABprpppaapa, 134358, 37948, 107014, 2820, , 37948, 25000, 35860, 37447, 0, 
69, 1, 71, 69, -1, 238, 298, 26.0, 29, ABprppppapp, 116043, 36309, 102392, 2820, , 36309, 25000, 45190, 46892, 0, 
70, 1, 73, 70, -1, 246, 340, 26.0, 29, ABplppppaapp, 136438, 36315, 102407, 2820, , 36315, 25000, 39157, 38871, 0, 
71, 1, 74, 72, -1, 284, 302, 26.0, 29, ABplpapppapa, 151710, 29934, 84413, 2820, , 29934, 25000, 37231, 36919, 0, 
72, 1, 75, 73, -1, 310, 280, 26.6, 31, MSppaappaa, 140195, 40008, 134586, 3364, , 40008, 25000, 42513, 41435, 0, 
73, 1, 78, 60, -1, 378, 264, 26.0, 29, ABprpapaaa, 166489, 50076, 141213, 2820, , 50076, 25000, 57529, 65692, 0, 
74, 1, 87, 3, -1, 399, 214, 25.8, 31, ABprppaaaap, 249677, 35672, 117574, 3296, , 35672, 25000, 57009, 61007, 0, 
75, 1, 79, 76, -1, 410, 254, 26.0, 29, ABprpapaapapp, 170280, 56472, 159251, 2820, , 56472, 25000, 67360, 74211, 0, 
76, 1, 66, 56, -1, 446, 298, 26.4, 31, ABarappaapap, 320471, 81627, 274592, 3364, , 81627, 25000, 79138, 89346, 0, 
77, 1, 82, 77, -1, 488, 290, 25.8, 31, ABarapaaapaap, 303806, 70937, 233808, 3296, , 70937, 25000, 75066, 90868, 0, 
78, 1, 84, 78, -1, 516, 350, 26.0, 29, ABalppapaap, 351677, 56199, 158481, 2820, , 56199, 25000, 66730, 61354, 0, 
79, 1, 92, 79, -1, 178, 332, 27.0, 29, ABprppppppap, 160287, 48009, 135385, 2820, , 48009, 25000, 46560, 45712, 0, 
80, 1, 62, 67, -1, 204, 363, 26.9, 31, ABplppppppa, 159446, 31560, 109072, 3456, , 31560, 25000, 45571, 44566, 0, 
81, 1, 547, 539, -1, 262, 234, 27.0, 29, ABprppapappp, 104840, 39547, 111523, 2820, , 39547, 25000, 41264, 44728, 0, 
82, 1, 88, 84, -1, 402, 360, 27.0, 29, ABalpapapap, 217685, 37837, 106700, 2820, , 37837, 25000, 56440, 55199, 0, 
83, 1, 81, 61, -1, 436, 354, 27.0, 29, ABalpapapaa, 326304, 57305, 161599, 2820, , 57305, 25000, 63309, 71977, 0, 
84, 1, 80, 94, -1, 436, 312, 27.0, 29, ABarappaappa, 336433, 104748, 295390, 2820, , 104748, 25000, 66850, 74535, 0, 
85, 1, 93, 91, -1, 242, 376, 28.0, 29, ABplpppaappa, 160854, 33403, 94196, 2820, , 33403, 25000, 38027, 37650, 0, 
86, 1, 94, 71, -1, 264, 214, 28.0, 29, ABprppapappa, 108000, 36049, 101658, 2820, , 36049, 25000, 36448, 35228, 0, 
87, 1, 64, 74, -1, 326, 290, 28.0, 29, ABprppaappa, 118152, 47334, 133483, 2820, , 47334, 25000, 52032, 55836, 0, 
88, 1, 77, 75, -1, 378, 291, 27.8, 31, ABprpappapa, 204270, 42954, 141577, 3296, , 42954, 25000, 50386, 52953, 0, 
89, 1, 89, 86, -1, 444, 238, 28.0, 29, ABprpaaapap, 203815, 69577, 196207, 2820, , 69577, 25000, 70665, 74880, 0, 
90, 1, 90, 95, -1, 466, 336, 28.0, 25, ABalpappapa, 265622, 99471, 184221, 1852, , 99471, 25000, 72502, 87660, 0, 
91, 1, 105, 87, -1, 494, 226, 28.0, 29, ABprpaaaaaa, 353091, 58581, 165199, 2820, , 58581, 25000, 73910, 83230, 0, 
92, 1, 91, 97, -1, 502, 336, 28.3, 31, ABalpapaaaa, 383735, 70512, 228460, 3240, , 70512, 25000, 83792, 93391, 0, 
93, 1, 99, 89, -1, 582, 278, 28.0, 29, ABaraaapppp, 250797, 31740, 89507, 2820, , 31740, 25000, 37059, 33027, 0, 
94, 1, 123, 68, -1, 214, 190, 29.0, 29, ABprapapap, 226812, 24606, 69389, 2820, , 24606, 25000, 32764, 32154, 0, 
95, 1, 101, -1, -1, 270, 360, 29.0, 29, ABplppppapa, 149696, 29842, 84154, 2820, , 29842, 25000, 39184, 34536, 0, 
96, 1, 95, -1, -1, 284, 224, 29.0, 29, ABprppapapa, 114562, 40593, 114472, 2820, , 40593, 25000, 40993, 42140, 0, 
97, 1, 102, 92, -1, 288, 322, 29.0, 29, ABplpapppaa, 154552, 38156, 107601, 2820, , 38156, 25000, 42250, 43267, 0, 
98, 1, 113, 82, -1, 338, 222, 29.0, 29, ABprppapaaa, 141662, 35338, 99654, 2820, , 35338, 25000, 47165, 47416, 0, 
99, 1, 96, 99, -1, 364, 322, 29.5, 31, ABplpappaap, 239426, 27400, 90309, 3296, , 27400, 25000, 52768, 51525, 0, 
100, 1, 115, 93, -1, 408, 234, 29.0, 29, ABprpapaapapa, 248541, 55591, 156768, 2820, , 55591, 25000, 69326, 82626, 0, 
101, 1, 97, 85, -1, 434, 260, 29.0, 29, ABprpapaapaa, 180839, 68802, 194023, 2820, , 68802, 25000, 77723, 83266, 0, 
102, 1, 104, 116, -1, 470, 366, 29.0, 29, ABalppapppp, 343872, 61520, 173487, 2820, , 61520, 25000, 77693, 88318, 0, 
103, 1, 118, 96, -1, 474, 192, 28.9, 31, ABprpaapaapa, 386072, 64754, 223789, 3456, , 64754, 25000, 77101, 84619, 0, 
104, 1, 120, 88, -1, 508, 170, 29.0, 29, ABprpaapapap, 202364, 52351, 147629, 2820, , 52351, 25000, 62842, 58126, 0, 
105, 1, 517, 103, -1, 528, 304, 29.0, 29, ABalpaaaapa, 361774, 61422, 173209, 2820, , 61422, 25000, 67650, 76275, 0, 
106, 1, 107, 119, -1, 530, 352, 29.4, 31, ABalppapaaa, 433642, 58324, 196202, 3364, , 58324, 25000, 67413, 66578, 0, 
107, 1, 518, 515, -1, 550, 194, 29.0, 29, ABpraaaaapv, 263004, 55309, 155972, 2820, , 55309, 25000, 59012, 53883, 0, 
108, 1, 109, 90, -1, 162, 227, 29.4, 25, ABprapppaap, 120148, 40687, 70795, 1740, , 40687, 25000, 41321, 40415, 0, 
109, 1, 100, 542, -1, 174, 364, 30.0, 29, ABplppppppp, 242705, 37935, 106977, 2820, , 37935, 25000, 43807, 44291, 0, 
110, 1, 103, -1, -1, 306, 294, 30.0, 29, MSppaappap, 121837, 44107, 124381, 2820, , 44107, 25000, 45298, 50126, 0, 
111, 1, 111, 81, -1, 308, 220, 30.0, 29, ABprppapaap, 126522, 40285, 113605, 2820, , 40285, 25000, 43988, 45335, 0, 
112, 0, 138, -1, -1, 336, 266, 30.6, 31, , 212927, 0, 0, 0, , 0, 0, 0, 0, 0, 
113, 1, 117, 114, -1, 460, 301, 29.7, 31, ABarapapapa, 436016, 63920, 207102, 3240, , 63920, 25000, 82921, 85588, 0, 
114, 1, 98, 115, -1, 460, 392, 30.0, 29, ABalppaappp, 221867, 53380, 150533, 2820, , 53380, 25000, 53063, 47818, 0, 
115, 1, 119, 102, -1, 502, 382, 30.0, 29, ABalppaappa, 255590, 62801, 177099, 2820, , 62801, 25000, 60990, 55705, 0, 
116, 1, 106, 104, -1, 528, 240, 30.0, 29, ABarappppaa, 314418, 56623, 159676, 2820, , 56623, 25000, 73859, 86003, 0, 
117, 1, 133, 120, -1, 576, 248, 30.0, 29, ABalaapaaal, 391579, 49486, 139551, 2820, , 49486, 25000, 57645, 59394, 0, 
118, 1, 122, 105, -1, 154, 284, 31.0, 29, ABprappppp, 231794, 26566, 74917, 2820, , 26566, 25000, 33765, 33330, 0, 
119, 1, 136, 98, -1, 224, 262, 31.0, 29, Cppappa, 149686, 27823, 78460, 2820, , 27823, 25000, 41994, 43106, 0, 
120, 1, 124, 107, -1, 236, 318, 31.0, 29, ABplpappppa, 165932, 39673, 111878, 2820, , 39673, 25000, 48642, 55013, 0, 
121, 1, 125, 122, -1, 261, 284, 31.1, 31, ABprppppaaa, 174625, 39939, 138028, 3456, , 39939, 25000, 49888, 53533, 0, 
122, 1, 112, 123, -1, 330, 338, 31.0, 29, ABplppaappaa, 189166, 52351, 147630, 2820, , 52351, 25000, 52228, 51294, 0, 
123, 1, 127, 111, -1, 374, 270, 31.0, 29, ABprpapapaaa, 158464, 55237, 155769, 2820, , 55237, 25000, 63110, 71759, 0, 
124, 1, 128, 112, -1, 404, 292, 31.0, 29, ABprpapppaa, 435822, 60338, 170153, 2820, , 60338, 25000, 68213, 71593, 0, 
125, 1, 129, 100, -1, 420, 192, 31.0, 29, MSppppaa, 417685, 43544, 122793, 2820, , 43544, 25000, 63220, 65512, 0, 
126, 1, 116, 127, -1, 424, 320, 31.0, 29, ABplpappaaa, 348272, 60255, 169918, 2820, , 60255, 25000, 76086, 73718, 0, 
127, 1, 130, 101, -1, 448, 180, 31.0, 29, ABprpaapaapp, 224979, 65360, 184315, 2820, , 65360, 25000, 74890, 83303, 0, 
128, 1, 131, 138, -1, 492, 294, 31.0, 29, ABarapaaapaaa, 297585, 64755, 182609, 2820, , 64755, 25000, 81520, 87253, 0, 
129, 1, 144, 118, -1, 518, 198, 30.5, 25, ABalaapppap, 253175, 118792, 193868, 1632, , 118792, 25000, 91145, 102106, 0, 
130, 1, 108, 128, -1, 542, 320, 31.0, 29, ABaraaappaa, 373357, 52013, 146677, 2820, , 52013, 25000, 67989, 71118, 0, 
131, 1, 134, 121, -1, 164, 322, 32.0, 29, ABprppppppp, 125921, 38633, 108945, 2820, , 38633, 25000, 45672, 46872, 0, 
132, 1, 147, 106, -1, 184, 210, 32.0, 29, ABprapppaaa, 151379, 40484, 114164, 2820, , 40484, 25000, 42003, 43533, 0, 
133, 1, 148, 130, -1, 210, 306, 32.0, 29, Caapaaaa, 149357, 30373, 85651, 2820, , 30373, 25000, 41462, 42682, 0, 
134, 1, 151, 108, -1, 262, 166, 32.0, 29, ABprappaap, 194961, 22344, 63011, 2820, , 22344, 25000, 25973, 25424, 0, 
135, 1, 126, 5, -1, 280, 363, 32.3, 31, ABplpppaaap, 179056, 42478, 137628, 3240, , 42478, 25000, 44459, 45397, 0, 
136, 1, 154, 109, -1, 320, 160, 32.0, 29, ABprapaapp, 218875, 26636, 75113, 2820, , 26636, 25000, 31496, 31824, 0, 
137, 1, 139, 149, -1, 346, 354, 32.0, 29, ABplpaaaappa, 189581, 72041, 203156, 2820, , 72041, 25000, 50591, 54597, 0, 
138, 1, 114, 125, -1, 376, 368, 32.0, 29, ABplpaaaapa, 204276, 48101, 135644, 2820, , 48101, 25000, 57913, 57343, 0, 
139, 1, 141, 113, -1, 448, 214, 32.0, 29, MSppapap, 256977, 37711, 106346, 2820, , 37711, 25000, 67183, 68556, 0, 
140, 1, 132, 117, -1, 502, 218, 32.0, 29, ABalaapppaa, 303057, 62940, 177490, 2820, , 62940, 25000, 75520, 88289, 0, 
141, 1, 145, 129, -1, 552, 206, 32.0, 29, ABalaappppp, 344923, 52838, 149003, 2820, , 52838, 25000, 79280, 86074, 0, 
142, 1, 121, 140, -1, 550, 284, 32.0, 29, ABaraaappapa, 475030, 47261, 133276, 2820, , 47261, 25000, 75782, 78675, 0, 
143, 1, 146, 141, -1, 554, 252, 32.0, 29, ABalaapaaar, 366860, 67009, 188965, 2820, , 67009, 25000, 75618, 92167, 0, 
144, 1, 135, 4, -1, 168, 372, 33.0, 29, ABplapppapa, 244289, 32518, 91700, 2820, , 32518, 25000, 45331, 44428, 0, 
145, 1, 161, 132, -1, 230, 174, 33.0, 29, ABprappapp, 199419, 26689, 75264, 2820, , 26689, 25000, 29966, 30320, 0, 
146, 1, 150, 143, -1, 250, 404, 33.0, 29, ABplappppa, 194923, 30270, 85360, 2820, , 30270, 25000, 35701, 33280, 0, 
147, 1, 163, 133, -1, 265, 337, 33.0, 31, ABplppppaaa, 199089, 47965, 165576, 3452, , 47965, 25000, 48590, 57133, 0, 
148, 1, 137, 147, -1, 302, 348, 33.0, 29, ABplppaappap, 198991, 40369, 113840, 2820, , 40369, 25000, 47903, 48955, 0, 
149, 1, 155, 124, -1, 353, 194, 33.2, 31, Dpapp, 197270, 18411, 60682, 3296, , 18411, 25000, 32722, 34078, 0, 
150, 1, 27, 153, -1, 429, 345, 33.1, 31, ABplpapaaaaa, 385429, 57578, 198990, 3456, , 57578, 25000, 74821, 85133, 0, 
151, 1, 158, 134, -1, 436, 387, 33.5, 31, ABplpaaapppap, 253688, 52505, 173058, 3296, , 52505, 25000, 68151, 68196, 0, 
152, 1, 26, 135, -1, 440, 147, 33.2, 31, ABpraaappp, 293914, 49217, 162220, 3296, , 49217, 25000, 65957, 65329, 0, 
153, 1, 143, 545, -1, 485, 366, 32.8, 31, ABalppapppa, 397789, 53919, 177718, 3296, , 53919, 25000, 83436, 94339, 0, 
154, 1, 172, 6, -1, 500, 244, 32.9, 31, MSppaaaa, 380654, 48838, 168784, 3456, , 48838, 25000, 66017, 70509, 0, 
155, 1, 174, 139, -1, 536, 170, 33.0, 29, ABpraaaaapd, 224262, 65704, 185285, 2820, , 65704, 25000, 61718, 60724, 0, 
156, 1, 177, 142, -1, 163, 251, 34.0, 31, ABprapapppp, 144370, 31897, 110108, 3452, , 31897, 25000, 46102, 47109, 0, 
157, 1, 179, 131, -1, 219, 215, 34.0, 31, Cppappp, 173571, 22888, 79010, 3452, , 22888, 25000, 36813, 39171, 0, 
158, 1, 149, 167, -1, 218, 382, 34.0, 29, ABplpppaappp, 173804, 40854, 115207, 2820, , 40854, 25000, 52901, 55960, 0, 
159, 1, 152, 144, -1, 270, 306, 34.0, 29, ABplpapppapp, 150388, 36099, 101799, 2820, , 36099, 25000, 47095, 51982, 0, 
160, 1, 164, 145, -1, 276, 248, 34.0, 29, MSpappapp, 344152, 31818, 89726, 2820, , 31818, 25000, 44121, 45937, 0, 
161, 1, 166, 146, -1, 294, 168, 34.0, 29, ABprappaaa, 194069, 25385, 71585, 2820, , 25385, 25000, 31925, 32686, 0, 
162, 1, 168, 546, -1, 326, 368, 34.0, 29, ABplpaaaappp, 135030, 36751, 103637, 2820, , 36751, 25000, 46788, 43412, 0, 
163, 1, 140, 151, -1, 384, 398, 34.3, 25, ABplppaapaa, 229923, 87992, 150290, 1708, , 87992, 25000, 53333, 52719, 0, 
164, 1, 523, 158, -1, 396, 225, 33.9, 31, ABprppaaaaa, 209440, 36291, 125423, 3456, , 36291, 25000, 61859, 67027, 0, 
165, 1, 157, 152, -1, 398, 354, 34.0, 29, ABplpapaaap, 286566, 53550, 151012, 2820, , 53550, 25000, 62243, 68856, 0, 
166, 1, 169, 126, -1, 400, 156, 34.0, 29, ABprpaappap, 204862, 57500, 162149, 2820, , 57500, 25000, 58015, 59356, 0, 
167, 1, 142, 174, -1, 470, 322, 33.6, 25, ABalpaaaaap, 484433, 53889, 93766, 1740, , 53889, 25000, 84899, 82112, 0, 
168, 1, 170, 136, -1, 484, 176, 33.9, 31, ABprpaapapaa, 334845, 49967, 172687, 3456, , 49967, 25000, 90120, 98978, 0, 
169, 1, 171, 154, -1, 487, 212, 33.8, 31, ABprpaapaaa, 340100, 67503, 222491, 3296, , 67503, 25000, 78036, 86241, 0, 
170, 1, 184, 175, -1, 486, 282, 34.0, 29, ABarapaaappa, 315430, 64243, 181165, 2820, , 64243, 25000, 75809, 88475, 0, 
171, 1, 175, 156, -1, 532, 222, 34.0, 31, ABalaappppa, 377006, 55461, 191453, 3452, , 55461, 25000, 76192, 85294, 0, 
172, 1, 160, 164, -1, 150, 344, 35.0, 29, Caappvp, 176688, 38561, 108742, 2820, , 38561, 25000, 39583, 40795, 0, 
173, 1, 178, 166, -1, 196, 350, 35.0, 29, Caappva, 180253, 32667, 92122, 2820, , 32667, 25000, 48386, 50003, 0, 
174, 1, 181, 169, -1, 241, 363, 35.3, 31, Capapppp, 232803, 29141, 94418, 3240, , 29141, 25000, 47897, 50963, 0, 
175, 1, 153, 170, -1, 313, 318, 34.9, 31, ABplppaappp, 194613, 42355, 146380, 3456, , 42355, 25000, 50735, 55574, 0, 
176, 1, 167, 148, -1, 318, 246, 35.0, 29, ABprppappaa, 139470, 41380, 116691, 2820, , 41380, 25000, 50532, 52475, 0, 
177, 1, 203, 157, -1, 350, 152, 35.0, 29, ABpraapppp, 235518, 25904, 73048, 2820, , 25904, 25000, 40212, 40769, 0, 
178, 1, 193, 150, -1, 380, 200, 35.0, 29, Dpapa, 193859, 26146, 73732, 2820, , 26146, 25000, 36544, 40046, 0, 
179, 1, 196, 172, -1, 420, 169, 35.5, 31, ABprpaappaa, 253265, 59548, 196269, 3296, , 59548, 25000, 63079, 72001, 0, 
180, 1, 159, 159, -1, 436, 294, 34.9, 27, ABarapaaappp, 255022, 110815, 232712, 2100, , 110815, 25000, 80347, 87448, 0, 
181, 1, 563, 160, -1, 444, 356, 35.1, 31, ABplpapaaaap, 316795, 72342, 250015, 3456, , 72342, 25000, 79999, 90993, 0, 
182, 1, 185, 187, -1, 510, 276, 35.0, 29, ABaraaaaapap, 290385, 61430, 173233, 2820, , 61430, 25000, 76167, 88646, 0, 
183, 1, 173, 155, 189, 512, 360, 35.0, 29, ABalppappap, 373017, 56277, 158700, 2820, , 56277, 25000, 89729, 102709, 0, 
184, 1, 187, 177, -1, 578, 306, 35.0, 29, ABalpaapppa, 312539, 48431, 136576, 2820, , 48431, 25000, 55975, 52672, 0, 
185, 1, 186, 163, -1, 580, 264, 35.0, 29, ABalaaaarraap, 358668, 56968, 160650, 2820, , 56968, 25000, 66136, 70689, 0, 
186, 1, 180, 178, -1, 226, 402, 36.0, 29, ABplpppapp, 215584, 46556, 131288, 2820, , 46556, 25000, 47674, 50425, 0, 
187, 1, 165, 181, -1, 278, 382, 36.0, 29, ABplpppaaaap, 184666, 47887, 135041, 2820, , 47887, 25000, 51012, 52707, 0, 
188, 1, 191, 184, -1, 329, 316, 36.1, 31, MSappapaa, 204314, 43430, 150094, 3456, , 43430, 25000, 53733, 57563, 0, 
189, 1, 195, 20, -1, 418, 368, 36.0, 29, ABplpapaapp, 301789, 61696, 173983, 2820, , 61696, 25000, 71769, 85461, 0, 
190, 1, 198, 173, -1, 456, 246, 36.0, 29, Nuc182_34_432_230a, 457830, 60717, 171222, 2820, , 60717, 25000, 65900, 74247, 0, 
191, 1, 199, 201, -1, 496, 389, 36.3, 27, ABplpaaapapa, 275561, 68830, 151427, 2200, , 68830, 25000, 66645, 60483, 0, 
192, 1, 176, 191, -1, 534, 384, 36.0, 29, ABalpppaaapa, 218860, 45872, 129360, 2820, , 45872, 25000, 51462, 45568, 0, 
193, 1, 200, 190, -1, 534, 274, 36.0, 29, ABaraaaaapaa, 391940, 62765, 176998, 2820, , 62765, 25000, 76221, 90457, 0, 
194, 1, 207, 165, -1, 168, 196, 37.0, 29, ABarpppppp, 300982, 27514, 77589, 2820, , 27514, 25000, 34926, 32062, 0, 
195, 1, 188, 207, -1, 176, 406, 37.0, 29, ABplapppppp, 267940, 34357, 96886, 2820, , 34357, 25000, 37870, 31221, 0, 
196, 1, 189, 168, -1, 220, 254, 37.0, 29, ABprpppppap, 163962, 38059, 107325, 2820, , 38059, 25000, 37849, 40313, 0, 
197, 1, 202, 196, -1, 252, 296, 37.0, 29, ABprpappppa, 145161, 39804, 112247, 2820, , 39804, 25000, 45663, 49643, 0, 
198, 1, 162, 180, -1, 250, 340, 37.0, 29, ABplppppaapa, 186161, 41892, 118136, 2820, , 41892, 25000, 45777, 54597, 0, 
199, 1, 190, 182, -1, 296, 294, 36.7, 31, MSppaappp, 159163, 27379, 88709, 3240, , 27379, 25000, 38842, 37796, 0, 
200, 1, 182, 171, -1, 338, 274, 37.0, 29, ABprpapppapa, 377327, 41219, 116237, 2820, , 41219, 25000, 57696, 60720, 0, 
201, 1, 197, 200, -1, 436, 268, 37.0, 29, ABarapappppp, 363667, 52752, 148762, 2820, , 52752, 25000, 74090, 74191, 0, 
202, 1, 216, 185, -1, 452, 196, 37.0, 29, ABpraaappaaa, 261195, 54364, 153306, 2820, , 54364, 25000, 72060, 79087, 0, 
203, 1, 201, 203, -1, 552, 312, 37.0, 29, ABalpaappaaa, 408806, 56666, 159799, 2820, , 56666, 25000, 72481, 87723, 0, 
204, 1, 206, 206, -1, 144, 364, 38.0, 29, Cpappv, 211747, 29290, 82598, 2820, , 29290, 25000, 33555, 32014, 0, 
205, 1, 222, 193, -1, 158, 294, 38.0, 29, Cppppp, 185998, 26413, 74486, 2820, , 26413, 25000, 35523, 36292, 0, 
206, 1, 234, 194, -1, 232, 216, 38.0, 29, Cppaapp, 134603, 22589, 63701, 2820, , 22589, 25000, 32833, 36426, 0, 
207, 1, 208, 195, -1, 238, 319, 37.7, 31, ABplpppppap, 192565, 33908, 109863, 3240, , 33908, 25000, 43122, 47087, 0, 
208, 1, 209, 179, -1, 250, 254, 38.0, 29, ABprpppppaa, 158103, 26471, 74649, 2820, , 26471, 25000, 40473, 41419, 0, 
209, 1, 212, 208, -1, 354, 328, 38.0, 29, ABplpapappa, 208555, 49732, 140244, 2820, , 49732, 25000, 54844, 53882, 0, 
210, 1, 192, 198, -1, 362, 362, 38.0, 29, ABalpapappp, 213510, 49112, 138497, 2820, , 49112, 25000, 57823, 61804, 0, 
211, 1, 213, 210, -1, 396, 340, 38.0, 29, ABplpapapaa, 227971, 50113, 141319, 2820, , 50113, 25000, 64435, 67344, 0, 
212, 1, 194, 199, -1, 416, 414, 38.0, 29, ABplpaappppa, 321601, 36373, 102573, 2820, , 36373, 25000, 46046, 42397, 0, 
213, 1, 228, 186, 519, 448, 414, 38.0, 29, ABplaappaa, 334914, 49120, 138519, 2820, , 49120, 25000, 44146, 37237, 0, 
214, 1, 218, 212, -1, 558, 240, 38.0, 29, ABalaaaarrp, 292261, 63642, 179470, 2820, , 63642, 25000, 86638, 98936, 0, 
215, 0, 233, -1, -1, 578, 226, 38.0, 29, , 288631, 0, 0, 0, , 0, 0, 0, 0, 0, 
216, 1, 220, 204, -1, 588, 270, 38.0, 29, ABalaaaarraaa, 351177, 52454, 147921, 2820, , 52454, 25000, 62306, 60285, 0, 
217, 1, 233, 205, -1, 600, 230, 38.0, 29, ABalaaapplra, 306792, 49302, 139032, 2820, , 49302, 25000, 43266, 38213, 0, 
218, 1, 225, 216, -1, 290, 218, 39.0, 31, MSpapppp, 341675, 20518, 70827, 3452, , 20518, 25000, 35934, 36771, 0, 
219, 1, 251, 209, -1, 392, 178, 39.0, 29, Dpaaa, 233668, 26393, 74428, 2820, , 26393, 25000, 45110, 45607, 0, 
220, 1, 214, 223, -1, 416, 292, 39.0, 29, ABarapappppa, 409199, 50662, 142867, 2820, , 50662, 25000, 73143, 72683, 0, 
221, 1, 215, 225, -1, 442, 317, 39.3, 31, ABalpappppa, 384604, 44270, 143436, 3240, , 44270, 25000, 77987, 77044, 0, 
222, 1, 205, 211, -1, 486, 244, 39.0, 29, ABarapaaapapa, 287450, 63535, 179169, 2820, , 63535, 25000, 67744, 74639, 0, 
223, 1, 241, 202, -1, 500, 156, 39.0, 29, ABpraapaapp, 272533, 52387, 147730, 2820, , 52387, 25000, 60428, 59518, 0, 
224, 1, 219, 230, -1, 564, 286, 39.0, 29, ABaraaaapa, 373261, 63183, 178176, 2820, , 63183, 25000, 73831, 89466, 0, 
225, 1, 245, 213, -1, 564, 192, 39.0, 29, ABalappapppa, 298339, 58262, 164300, 2820, , 58262, 25000, 65895, 67081, 0, 
226, 1, 232, 214, -1, 583, 341, 39.0, 27, ABalaaaalppa, 204546, 46557, 108384, 2328, , 46557, 25000, 52692, 44849, 0, 
227, 1, 7, 215, -1, 170, 236, 40.0, 29, Cpppapp, 154005, 31725, 89464, 2820, , 31725, 25000, 40092, 38794, 0, 
228, 1, 236, 197, -1, 264, 185, 39.8, 31, Cppaapa, 137785, 25322, 83462, 3296, , 25322, 25000, 34290, 36883, 0, 
229, 1, 275, 219, -1, 354, 242, 40.0, 29, MSpapapapp, 229826, 54201, 152848, 2820, , 54201, 25000, 56319, 59168, 0, 
230, 1, 227, 221, -1, 384, 299, 40.1, 31, ABarapapapp, 349897, 40181, 138867, 3456, , 40181, 25000, 57098, 59149, 0, 
231, 1, 255, 224, -1, 432, 246, 40.0, 29, Nuc182_34_432_230pp, 454693, 61915, 174599, 2820, , 61915, 25000, 63192, 72477, 0, 
232, 1, 239, 234, -1, 438, 388, 40.0, 29, ABplpaaapppaa, 257817, 63018, 177711, 2820, , 63018, 25000, 71862, 79329, 0, 
233, 1, 204, 7, -1, 456, 370, 40.0, 29, ABplpaapppa, 305685, 73424, 207055, 2820, , 73424, 25000, 77442, 87383, 0, 
234, 1, 240, 521, -1, 490, 194, 40.0, 29, ABpraaapaava, 195153, 95148, 268318, 2820, , 95148, 25000, 72605, 84779, 0, 
235, 1, 230, 235, -1, 516, 396, 40.0, 29, ABalpppaaapp, 240611, 49098, 138457, 2820, , 49098, 25000, 51387, 40371, 0, 
236, 1, 217, 238, -1, 538, 310, 39.5, 31, ABalpaappaap, 490766, 56431, 185996, 3296, , 56431, 25000, 77164, 91209, 0, 
237, 1, 247, 232, -1, 599, 252, 40.0, 27, ABalaaappll, 285175, 51384, 119621, 2328, , 51384, 25000, 53437, 51054, 0, 
238, 1, 223, 240, -1, 202, 386, 41.0, 29, ABplapppapp, 143441, 36167, 101992, 2820, , 36167, 25000, 56159, 57235, 0, 
239, 1, 235, 241, -1, 244, 352, 41.0, 29, Capapppa, 322894, 34998, 98694, 2820, , 34998, 25000, 40613, 41674, 0, 
240, 1, 262, 233, -1, 268, 158, 41.0, 29, Cppaaap, 178952, 26644, 75135, 2820, , 26644, 25000, 37014, 38754, 0, 
241, 1, 527, 255, -1, 284, 376, 41.2, 31, ABplppapaapa, 259466, 44672, 147239, 3296, , 44672, 25000, 52638, 56413, 0, 
242, 1, 263, 218, -1, 320, 174, 41.0, 29, Cppaaaa, 148511, 23630, 66636, 2820, , 23630, 25000, 36904, 37078, 0, 
243, 1, 248, -1, -1, 345, 336, 40.7, 31, ABplppapaaapa, 234749, 56526, 183145, 3240, , 56526, 25000, 53699, 61882, 0, 
244, 1, 250, 220, -1, 384, 376, 41.0, 29, ABplppaapap, 255055, 52024, 146709, 2820, , 52024, 25000, 67287, 72655, 0, 
245, 1, 252, 222, -1, 402, 254, 41.0, 29, MSpapaaapa, 302686, 43926, 123870, 2820, , 43926, 25000, 61853, 63681, 0, 
246, 1, 253, 522, -1, 416, 152, 41.0, 29, ABpraaappapp, 268462, 43856, 123674, 2820, , 43856, 25000, 69784, 72408, 0, 
247, 1, 254, 247, -1, 418, 378, 41.0, 29, ABplppaaaaa, 332254, 62940, 177492, 2820, , 62940, 25000, 70748, 82334, 0, 
248, 1, 257, 226, -1, 455, 232, 40.6, 31, ABarapaapa, 370609, 38833, 130635, 3364, , 38833, 25000, 64356, 64973, 0, 
249, 1, 528, 227, -1, 474, 182, 41.0, 31, ABpraaapaavp, 305761, 57540, 198629, 3452, , 57540, 25000, 78146, 86901, 0, 
250, 1, 242, -1, -1, 504, 368, 41.0, 29, ABplpaaaaaa, 461946, 61371, 173065, 2820, , 61371, 25000, 77906, 88244, 0, 
251, 1, 243, 236, -1, 532, 264, 41.0, 29, ABaraaapaaa, 475939, 53193, 150003, 2820, , 53193, 25000, 76945, 90317, 0, 
252, 1, 231, 250, -1, 538, 350, 41.0, 29, ABalppappaa, 366852, 63591, 179327, 2820, , 63591, 25000, 73982, 85664, 0, 
253, 1, 246, 239, -1, 588, 310, 41.0, 29, ABalaaaarla, 305916, 49999, 140996, 2820, , 49999, 25000, 54250, 43877, 0, 
254, 1, 283, 254, -1, 245, 213, 41.6, 31, MSpppaap, 143283, 22390, 75319, 3364, , 22390, 25000, 32556, 34109, 0, 
255, 1, 237, 242, -1, 360, 400, 42.0, 29, ABplppaaap, 292011, 45115, 127224, 2820, , 45115, 25000, 44798, 44263, 0, 
256, 1, 266, 243, -1, 376, 344, 42.0, 29, ABplpapapap, 198392, 43972, 124002, 2820, , 43972, 25000, 63896, 67414, 0, 
257, 1, 276, 244, -1, 376, 268, 42.0, 29, MSpapappa, 264695, 47582, 134181, 2820, , 47582, 25000, 63108, 68813, 0, 
258, 1, 268, 245, -1, 402, 224, 42.0, 29, ABaraappppp, 394857, 49081, 138409, 2820, , 49081, 25000, 59494, 63861, 0, 
259, 1, 525, 261, -1, 470, 396, 42.0, 29, ABplpaaapappp, 303992, 69320, 195483, 2820, , 69320, 25000, 71362, 75497, 0, 
260, 1, 269, 248, -1, 514, 244, 42.0, 29, ABaraaapaap, 441508, 50992, 143797, 2820, , 50992, 25000, 77439, 83547, 0, 
261, 1, 258, 265, -1, 552, 374, 42.0, 29, ABalaaaalpa, 270158, 50714, 143013, 2820, , 50714, 25000, 52268, 44633, 0, 
262, 1, 261, 295, -1, 198, 417, 43.1, 27, ABplapppaap, 184994, 64174, 134765, 2100, , 64174, 25000, 52465, 52956, 0, 
263, 1, 265, 282, -1, 342, 302, 43.0, 29, MSaappaa, 263782, 49491, 139565, 2820, , 49491, 25000, 52757, 59615, 0, 
264, 1, 249, 257, -1, 350, 376, 43.0, 29, ABplppapaaaa, 187183, 41459, 116915, 2820, , 41459, 25000, 55079, 57574, 0, 
265, 1, 238, 246, -1, 402, 390, 43.0, 29, ABplppaaaap, 252436, 49561, 139761, 2820, , 49561, 25000, 65179, 70869, 0, 
266, 1, 529, 285, -1, 420, 327, 43.5, 31, ABalpappppp, 380236, 37980, 125182, 3296, , 37980, 25000, 67288, 70523, 0, 
267, 1, 289, 259, -1, 448, 146, 43.4, 31, ABpraaappapa, 283068, 60158, 202372, 3364, , 60158, 25000, 63326, 66319, 0, 
268, 1, 277, 262, -1, 480, 410, 43.0, 29, ABplpaapapp, 242019, 54152, 152709, 2820, , 54152, 25000, 49163, 38950, 0, 
269, 1, 9, 273, -1, 490, 228, 43.3, 27, ABaraaapapa, 306802, 99353, 218577, 2200, , 99353, 25000, 64564, 70650, 0, 
270, 1, 278, 249, -1, 516, 188, 43.0, 29, ABpraapaapa, 283002, 69538, 196097, 2820, , 69538, 25000, 73925, 86394, 0, 
271, 1, 293, 274, -1, 538, 210, 43.0, 29, ABalappapaa, 329930, 57571, 162350, 2820, , 57571, 25000, 83460, 95119, 0, 
272, 1, 281, 291, -1, 551, 275, 43.0, 31, ABaraapaaapa, 371113, 60409, 208531, 3452, , 60409, 25000, 76419, 90669, 0, 
273, 1, 259, 292, -1, 560, 334, 43.0, 29, ABalaaapalra, 311921, 69306, 195442, 2820, , 69306, 25000, 74856, 91782, 0, 
274, 1, 271, 277, -1, 154, 344, 44.0, 29, Cappppd, 196724, 28815, 81259, 2820, , 28815, 25000, 39768, 40387, 0, 
275, 1, 272, 266, -1, 172, 390, 43.5, 31, ABplapapppp, 187373, 31703, 104493, 3296, , 31703, 25000, 50954, 51394, 0, 
276, 1, 282, 252, -1, 188, 200, 44.0, 29, Cpppapa, 190393, 29772, 83958, 2820, , 29772, 25000, 38190, 38950, 0, 
277, 1, 273, 278, -1, 232, 430, 44.0, 29, ABplapappa, 289209, 32308, 91108, 2820, , 32308, 25000, 35206, 34053, 0, 
278, 1, 264, 280, -1, 322, 318, 44.0, 29, MSappapap, 171035, 30319, 85500, 2820, , 30319, 25000, 42482, 42069, 0, 
279, 1, 285, 256, -1, 330, 266, 44.1, 27, MSpapappp, 227871, 48796, 102472, 2100, , 48796, 25000, 50530, 54084, 0, 
280, 1, 288, 271, -1, 374, 300, 43.8, 31, ABalpappapp, 353577, 38638, 127352, 3296, , 38638, 25000, 59507, 65535, 0, 
281, 1, 301, 260, -1, 448, 178, 44.0, 29, MSppaaapp, 324314, 58010, 163587, 2820, , 58010, 25000, 68489, 72489, 0, 
282, 1, 280, 289, -1, 534, 300, 44.0, 29, ABalpaapaapa, 403064, 49944, 140842, 2820, , 49944, 25000, 78608, 92524, 0, 
283, 1, 295, 293, -1, 570, 358, 44.0, 29, ABalapaappa, 264839, 51596, 145502, 2820, , 51596, 25000, 51939, 38902, 0, 
284, 1, 297, 275, -1, 582, 290, 44.0, 29, ABalaaaarlp, 304912, 58528, 165049, 2820, , 58528, 25000, 67990, 75476, 0, 
285, 1, 315, 251, -1, 188, 170, 45.0, 29, ABprapapaa, 264273, 27569, 77744, 2820, , 27569, 25000, 32482, 31933, 0, 
286, 1, 298, 549, -1, 220, 278, 44.9, 31, Eprpp, 118811, 17144, 59250, 3456, , 17144, 25000, 34269, 34847, 0, 
287, 1, 317, 267, -1, 304, 126, 45.0, 29, ABarppppap, 259926, 26389, 74418, 2820, , 26389, 25000, 36233, 35629, 0, 
288, 1, 309, 268, -1, 338, 150, 45.0, 29, ABprapaaapp, 167209, 44969, 126812, 2820, , 44969, 25000, 45408, 49519, 0, 
289, 1, 286, 269, -1, 356, 178, 45.0, 29, Dppaa, 190581, 18893, 53279, 2820, , 18893, 25000, 34311, 33595, 0, 
290, 1, 267, 258, -1, 390, 420, 45.0, 29, ABplpaappppp, 323303, 27655, 77987, 2820, , 27655, 25000, 35825, 34548, 0, 
291, 1, 313, 287, -1, 496, 196, 45.3, 31, MSppaaapa, 405760, 47517, 153954, 3240, , 47517, 25000, 70975, 72046, 0, 
292, 1, 279, 263, 305, 522, 334, 44.8, 31, MSapaaaa, 377821, 46936, 154701, 3296, , 46936, 25000, 67486, 75651, 0, 
293, 1, 299, 297, -1, 250, 342, 46.0, 29, ABplpppppaa, 325866, 36232, 102175, 2820, , 36232, 25000, 36805, 38376, 0, 
294, 1, 300, 308, -1, 272, 366, 46.0, 29, MSpappaa, 469640, 38415, 108329, 2820, , 38415, 25000, 48092, 49940, 0, 
295, 1, 319, 281, -1, 346, 120, 46.0, 29, ABarppppaa, 270008, 29234, 82441, 2820, , 29234, 25000, 37857, 35959, 0, 
296, 1, 275, 309, -1, 358, 262, 46.0, 29, MSpapapapa, 237824, 44344, 125049, 2820, , 44344, 25000, 62913, 69191, 0, 
297, 1, 287, 270, -1, 363, 225, 46.0, 31, MSpapapaa, 361920, 33276, 114868, 3452, , 33276, 25000, 51467, 54331, 0, 
298, 1, 310, 283, -1, 378, 152, 46.0, 29, ABprapaaapav, 161597, 31587, 89076, 2820, , 31587, 25000, 51108, 54772, 0, 
299, 1, 346, 284, -1, 386, 120, 46.0, 29, ABprapaaapad, 255936, 27235, 76803, 2820, , 27235, 25000, 40930, 39527, 0, 
300, 1, 311, 9, -1, 396, 187, 45.8, 31, MSppapaa, 249403, 28036, 92406, 3296, , 28036, 25000, 48661, 51964, 0, 
301, 1, 302, 286, -1, 450, 265, 45.6, 23, ABarapapaaa, 76789, 96338, 126395, 1312, , 96338, 25000, 74351, 77613, 0, 
302, 1, 290, 302, -1, 452, 363, 46.1, 31, MSapapap, 402497, 48686, 168259, 3456, , 48686, 25000, 74355, 79932, 0, 
303, 1, 324, 272, -1, 468, 132, 46.0, 29, ABarpapppa, 294288, 38201, 107727, 2820, , 38201, 25000, 39733, 34244, 0, 
304, 1, 544, 311, -1, 476, 248, 46.0, 29, ABaraappapa, 347403, 42959, 121144, 2820, , 42959, 25000, 70727, 67889, 0, 
305, 1, 291, 312, -1, 498, 324, 46.0, 29, ABalpaaapaa, 305955, 55155, 155536, 2820, , 55155, 25000, 67581, 72326, 0, 
306, 1, 314, 288, -1, 502, 146, 46.0, 29, ABpraapappp, 262736, 33918, 95649, 2820, , 33918, 25000, 41886, 41719, 0, 
307, 1, 304, 304, -1, 524, 249, 45.8, 31, ABaraappaaa, 583040, 58645, 193293, 3296, , 58645, 25000, 69684, 83947, 0, 
308, 1, 294, 314, -1, 548, 378, 46.0, 29, ABalaaapalrp, 241450, 56690, 159865, 2820, , 56690, 25000, 52921, 48155, 0, 
309, 1, 306, 276, -1, 604, 276, 46.0, 29, ABalaaaparr, 328009, 43863, 123694, 2820, , 43863, 25000, 46056, 37258, 0, 
310, 1, 316, 306, -1, 218, 186, 47.0, 29, Cppapap, 164524, 25776, 72689, 2820, , 25776, 25000, 40187, 41132, 0, 
311, 1, 308, 307, -1, 240, 389, 47.0, 31, Capappa, 258043, 26991, 93174, 3452, , 26991, 25000, 45404, 47608, 0, 
312, 1, 343, 279, -1, 262, 132, 47.0, 29, ABprappapa, 201159, 25391, 71604, 2820, , 25391, 25000, 31427, 30791, 0, 
313, 1, 321, 524, -1, 400, 238, 47.0, 29, ABaraapppapp, 386805, 49218, 138795, 2820, , 49218, 25000, 57436, 64260, 0, 
314, 1, 323, 300, -1, 432, 212, 47.0, 29, ABaraapppaa, 356208, 41000, 115619, 2820, , 41000, 25000, 56127, 59034, 0, 
315, 1, 531, 525, -1, 436, 254, 47.0, 29, Nuc182_34_432_230pa, 238041, 69750, 196695, 2820, , 69750, 25000, 71026, 71586, 0, 
316, 1, 312, 310, -1, 434, 308, 46.9, 27, ABalpapppaapp, 393482, 85160, 178836, 2100, , 85160, 25000, 73702, 80160, 0, 
317, 1, 303, 321, -1, 460, 332, 47.0, 29, ABalpapppaaa, 436377, 53643, 151272, 2820, , 53643, 25000, 73675, 73932, 0, 
318, 1, 333, 303, -1, 462, 166, 47.0, 29, ABpraapappa, 326111, 58334, 164501, 2820, , 58334, 25000, 67287, 70466, 0, 
319, 1, 10, 313, -1, 546, 202, 47.0, 29, ABalapppppa, 310874, 69081, 194809, 2820, , 69081, 25000, 80381, 88042, 0, 
320, 1, 305, 315, -1, 574, 262, 47.0, 29, ABalapppaaa, 369082, 53349, 150445, 2820, , 53349, 25000, 72879, 80899, 0, 
321, 1, 328, 550, -1, 578, 208, 47.0, 29, ABalappppap, 362410, 58671, 165452, 2820, , 58671, 25000, 67004, 70490, 0, 
322, 1, 307, 324, -1, 194, 372, 48.0, 29, Cappapp, 283435, 36518, 102981, 2820, , 36518, 25000, 44016, 44563, 0, 
323, 1, 350, 296, -1, 222, 152, 48.0, 29, ABarpppppa, 267152, 26045, 73447, 2820, , 26045, 25000, 34996, 35035, 0, 
324, 1, 330, 328, -1, 406, 326, 48.0, 29, ABalpapppap, 379169, 44122, 124424, 2820, , 44122, 25000, 62057, 64029, 0, 
325, 1, 322, 319, -1, 416, 362, 48.0, 29, MSappappaa, 270680, 47523, 134014, 2820, , 47523, 25000, 67325, 69246, 0, 
326, 1, 331, 301, -1, 428, 122, 48.0, 29, ABarpapppp, 276026, 28516, 80415, 2820, , 28516, 25000, 37919, 33920, 0, 
327, 1, 326, 339, -1, 492, 358, 48.0, 29, ABplpaapaaaa, 332593, 69289, 195395, 2820, , 69289, 25000, 83912, 90429, 0, 
328, 1, 327, 10, -1, 517, 392, 47.7, 31, ABalppppaada, 343323, 51840, 167961, 3240, , 51840, 25000, 61558, 54649, 0, 
329, 1, 338, 323, -1, 607, 226, 47.2, 25, ABpraapaaaaa, 248503, 49599, 83921, 1692, , 49599, 25000, 52059, 47670, 0, 
330, 1, 362, 316, -1, 120, 270, 49.0, 29, Cpapaa, 174843, 21144, 59625, 2820, , 21144, 25000, 21046, 20583, 0, 
331, 1, 12, -1, -1, 194, 259, 49.3, 31, Eprpap, 116119, 19439, 62981, 3240, , 19439, 25000, 24842, 25182, 0, 
332, 1, 341, 334, -1, 202, 404, 49.0, 29, ABplapppaaa, 196016, 55416, 156273, 2820, , 55416, 25000, 60449, 59941, 0, 
333, 1, 344, 317, -1, 264, 168, 49.0, 29, Cppapaa, 149638, 25571, 72109, 2820, , 25571, 25000, 37783, 38741, 0, 
334, 1, 318, 325, -1, 338, 292, 49.0, 29, MSaappap, 270260, 37539, 105860, 2820, , 37539, 25000, 49612, 50739, 0, 
335, 0, 351, -1, -1, 346, 349, 49.4, 31, , 381821, 0, 0, 0, , 0, 0, 0, 0, 0, 
336, 1, 352, 326, -1, 356, 219, 48.7, 31, MSpapaapp, 328510, 34913, 113118, 3240, , 34913, 25000, 46194, 46834, 0, 
337, 1, 320, 318, -1, 370, 320, 49.0, 29, MSaapaaaa, 361474, 38130, 107527, 2820, , 38130, 25000, 55686, 61840, 0, 
338, 1, 329, 335, -1, 388, 374, 49.0, 29, Daapa, 375127, 28761, 81105, 2820, , 28761, 25000, 48297, 50959, 0, 
339, 1, 325, 337, -1, 480, 392, 49.0, 29, ABplpaaaaapp, 350904, 63775, 179846, 2820, , 63775, 25000, 75695, 78048, 0, 
340, 1, 334, 329, -1, 518, 296, 49.0, 29, ABalpaapaapp, 366832, 46435, 130947, 2820, , 46435, 25000, 72802, 79605, 0, 
341, 1, 336, 330, 527, 542, 244, 48.8, 31, MSaaaaaa, 611599, 46718, 153982, 3296, , 46718, 25000, 72676, 77554, 0, 
342, 1, 337, 341, -1, 558, 316, 49.0, 31, ABalaaapall, 364045, 62111, 214408, 3452, , 62111, 25000, 70071, 79860, 0, 
343, 1, 359, 322, -1, 574, 188, 49.0, 29, ABpraapaaap, 317639, 51089, 144071, 2820, , 51089, 25000, 48721, 44415, 0, 
344, 1, 339, 342, -1, 131, 350, 50.0, 31, Cpappd, 209821, 22204, 76648, 3452, , 22204, 25000, 22509, 21673, 0, 
345, 1, 340, 332, -1, 145, 268, 49.9, 27, Cppppaa, 192563, 29352, 61640, 2100, , 29352, 25000, 31658, 32876, 0, 
346, 1, 353, 327, -1, 392, 221, 49.6, 31, MSpapaapa, 404115, 39946, 134380, 3364, , 39946, 25000, 52226, 57930, 0, 
347, 1, 368, 346, -1, 466, 206, 50.0, 29, ABaraappapp, 328028, 40302, 113653, 2820, , 40302, 25000, 61383, 64368, 0, 
348, 1, 347, 338, -1, 484, 292, 50.1, 31, ABalpaapapaa, 433033, 42785, 147864, 3456, , 42785, 25000, 75910, 74845, 0, 
349, 1, 348, 348, -1, 506, 262, 50.0, 29, ABaraapaaaa, 390605, 65836, 185657, 2820, , 65836, 25000, 73037, 82126, 0, 
350, 1, 357, 340, -1, 536, 282, 50.0, 29, ABaraapaaapp, 398963, 59559, 167957, 2820, , 59559, 25000, 70935, 77737, 0, 
351, 1, 361, 331, -1, 597, 305, 49.2, 25, ABalaaaparl, 191991, 39255, 66419, 1692, , 39255, 25000, 44780, 39108, 0, 
352, 1, 342, 353, -1, 242, 424, 51.0, 29, ABplapapap, 273979, 28292, 79783, 2820, , 28292, 25000, 34157, 33040, 0, 
353, 1, 345, 343, -1, 364, 380, 51.0, 29, Daapp, 365967, 21717, 61243, 2820, , 21717, 25000, 38501, 40565, 0, 
354, 1, 354, 344, -1, 415, 278, 50.8, 27, ABaraapappppa, 331580, 57778, 127111, 2200, , 57778, 25000, 73560, 74515, 0, 
355, 1, 332, 367, -1, 464, 310, 50.4, 25, ABalpapppaapa, 239312, 115002, 200104, 1740, , 115002, 25000, 72572, 80353, 0, 
356, 1, 356, 347, -1, 462, 368, 51.0, 29, ABalpppppaa, 283754, 52466, 147953, 2820, , 52466, 25000, 71412, 81568, 0, 
357, 1, 370, 359, -1, 556, 347, 50.8, 31, ABalapaapppa, 458392, 48329, 159294, 3296, , 48329, 25000, 63289, 70578, 0, 
358, 1, 555, 350, -1, 570, 236, 51.0, 29, ABalapppaap, 350111, 61112, 172337, 2820, , 61112, 25000, 71930, 81708, 0, 
359, 1, 29, 351, -1, 590, 250, 51.0, 29, ABpraapaaaap, 291938, 63218, 178276, 2820, , 63218, 25000, 76173, 87374, 0, 
360, 1, 364, 360, -1, 228, 374, 52.0, 29, Capaapp, 221643, 23373, 65912, 2820, , 23373, 25000, 41544, 42725, 0, 
361, 1, 365, 361, -1, 264, 346, 52.0, 29, MSappaap, 193203, 25364, 71526, 2820, , 25364, 25000, 36245, 37330, 0, 
362, 1, 371, 362, -1, 282, 394, 52.0, 29, ABplappaapa, 242343, 23056, 65017, 2820, , 23056, 25000, 36299, 36047, 0, 
363, 1, 28, 370, -1, 304, 345, 51.9, 31, MSaapppp, 335714, 24552, 84853, 3456, , 24552, 25000, 38359, 39065, 0, 
364, 1, 382, 336, -1, 402, 120, 52.0, 29, ABarpppaap, 103270, 62301, 175688, 2820, , 62301, 25000, 35187, 33944, 0, 
365, 1, 383, 357, -1, 414, 204, 52.2, 31, ABaraapppapa, 440165, 35882, 118266, 3296, , 35882, 25000, 53023, 59061, 0, 
366, 1, 374, 345, -1, 422, 155, 52.0, 31, MSppppap, 545671, 45256, 156223, 3452, , 45256, 25000, 57203, 58815, 0, 
367, 1, 367, 366, -1, 448, 392, 51.7, 31, ABplpaapaap, 268865, 59684, 193376, 3240, , 59684, 25000, 71669, 76554, 0, 
368, 1, 369, 383, -1, 496, 315, 52.0, 25, ABalpaaapap, 246151, 97325, 180246, 1852, , 97325, 25000, 69213, 74817, 0, 
369, 1, 375, 349, -1, 512, 187, 51.7, 31, ABarpappaaap, 246757, 34554, 111956, 3240, , 34554, 25000, 68619, 74926, 0, 
370, 1, 349, 371, -1, 516, 366, 51.4, 25, ABalppppaadp, 262048, 116809, 203248, 1740, , 116809, 25000, 81442, 86175, 0, 
371, 1, 358, 358, -1, 562, 368, 52.0, 29, ABalpppaaaa, 201090, 49248, 138879, 2820, , 49248, 25000, 41618, 33899, 0, 
372, 1, 388, 355, -1, 323, 132, 52.7, 31, ABarpppapp, 303733, 39194, 126987, 3240, , 39194, 25000, 35659, 37747, 0, 
373, 1, 351, 356, -1, 344, 346, 52.7, 31, MSaapppap, 414679, 22984, 74468, 3240, , 22984, 25000, 40952, 41674, 0, 
374, 1, 372, 363, -1, 346, 308, 53.0, 29, MSaapappp, 353150, 48358, 136370, 2820, , 48358, 25000, 46047, 49645, 0, 
375, 1, 366, 364, -1, 354, 414, 53.0, 29, ABplaapppp, 315989, 26337, 74271, 2820, , 26337, 25000, 28731, 28450, 0, 
376, 1, 13, 365, -1, 422, 312, 52.7, 31, ABaraapapppap, 511324, 60373, 195610, 3240, , 60373, 25000, 59543, 66804, 0, 
377, 1, 378, 388, -1, 178, 370, 54.0, 29, Cappapa, 287137, 33270, 93821, 2820, , 33270, 25000, 40625, 41194, 0, 
378, 1, 380, 354, -1, 314, 154, 54.0, 29, Dppap, 226441, 23908, 67421, 2820, , 23908, 25000, 34612, 34853, 0, 
379, 1, 373, 379, -1, 386, 298, 54.1, 31, MSaapaapa, 430210, 38880, 134371, 3456, , 38880, 25000, 53960, 58332, 0, 
380, 1, 390, 392, -1, 414, 406, 54.0, 29, ABplpaappap, 223829, 62654, 176684, 2820, , 62654, 25000, 54870, 54253, 0, 
381, 1, 376, 372, -1, 512, 398, 54.0, 29, ABplpaapapa, 167472, 35371, 99745, 2820, , 35371, 25000, 39008, 33736, 0, 
382, 1, 398, 373, 385, 539, 208, 54.1, 31, ABarpappaaaa, 436111, 59540, 205771, 3456, , 59540, 25000, 69787, 76860, 0, 
383, 1, 387, 374, -1, 568, 318, 54.0, 29, ABalapaaapa, 326496, 44958, 126782, 2820, , 44958, 25000, 61419, 65913, 0, 
384, 1, 401, 387, -1, 145, 328, 55.1, 27, Cpapapa, 237684, 26400, 55441, 2100, , 26400, 25000, 32554, 32758, 0, 
385, 1, 409, 375, -1, 164, 213, 55.0, 25, Cppppap, 173227, 25773, 47731, 1852, , 25773, 25000, 29533, 29533, 0, 
386, 1, 403, 369, -1, 232, 242, 55.0, 31, Earpp, 125247, 16362, 56483, 3452, , 16362, 25000, 27962, 28115, 0, 
387, 1, 404, 376, -1, 280, 152, 55.0, 29, Cpppaaa, 204577, 25157, 70943, 2820, , 25157, 25000, 36193, 37329, 0, 
388, 1, 389, 377, -1, 366, 316, 55.0, 29, MSaapapa, 453421, 33584, 94707, 2820, , 33584, 25000, 52968, 58440, 0, 
389, 1, 384, 380, -1, 436, 333, 55.0, 31, MSapapaa, 334468, 35745, 123393, 3452, , 35745, 25000, 60400, 63497, 0, 
390, 1, 385, 396, -1, 452, 362, 55.0, 29, ABalpppppap, 250602, 54994, 155083, 2820, , 54994, 25000, 64102, 73735, 0, 
391, 1, 397, 384, -1, 506, 288, 55.0, 29, ABaraaaappp, 410559, 58352, 164554, 2820, , 58352, 25000, 76146, 80836, 0, 
392, 1, 534, 398, -1, 572, 290, 55.0, 29, ABplaapaaapaap, 377870, 48362, 136381, 2820, , 48362, 25000, 64987, 67032, 0, 
393, 1, 400, 386, -1, 576, 254, 55.0, 29, ABalappaap, 317797, 55755, 157230, 2820, , 55755, 25000, 83890, 98574, 0, 
394, 1, 392, 406, -1, 186, 402, 56.0, 29, ABarppappppp, 323905, 29794, 84020, 2820, , 29794, 25000, 39153, 34004, 0, 
395, 1, 402, 399, -1, 190, 289, 56.0, 31, Eprpaa, 145720, 16601, 57307, 3452, , 16601, 25000, 24175, 24137, 0, 
396, 1, 393, 389, -1, 256, 406, 56.0, 29, ABplappaapp, 271228, 28648, 80786, 2820, , 28648, 25000, 34795, 35183, 0, 
397, 1, 405, 378, -1, 376, 164, 56.0, 29, Dpaap, 231898, 22107, 62342, 2820, , 22107, 25000, 43313, 43538, 0, 
398, 1, 410, 400, -1, 376, 216, 56.0, 29, MSpaapapp, 320874, 49024, 138247, 2820, , 49024, 25000, 50264, 53217, 0, 
399, 1, 406, 409, -1, 404, 306, 56.0, 29, ABaraapappppp, 386377, 47389, 133636, 2820, , 47389, 25000, 54113, 59251, 0, 
400, 1, 395, 393, -1, 408, 360, 56.0, 29, MSapppapa, 449658, 40271, 113564, 2820, , 40271, 25000, 54054, 59036, 0, 
401, 1, 414, 394, -1, 428, 181, 55.8, 31, MSpppaaa, 205427, 40553, 133662, 3296, , 40553, 25000, 56982, 62471, 0, 
402, 1, 407, 411, -1, 438, 410, 56.0, 29, ABalpppppppp, 143130, 59746, 168485, 2820, , 59746, 25000, 56769, 53802, 0, 
403, 1, 408, 415, -1, 450, 230, 56.0, 29, MSppappapa, 506642, 43443, 122510, 2820, , 43443, 25000, 59179, 63409, 0, 
404, 1, 391, -1, -1, 470, 316, 56.0, 29, ABalpaapapp, 353307, 47676, 134447, 2820, , 47676, 25000, 65370, 63184, 0, 
405, 1, 396, 382, 412, 483, 345, 56.0, 31, ABalppppaav, 263595, 44396, 153254, 3452, , 44396, 25000, 68731, 77163, 0, 
406, 1, 567, 528, -1, 540, 343, 55.7, 31, ABalapaaaaa, 261946, 42992, 139293, 3240, , 42992, 25000, 69208, 79001, 0, 
407, 1, 16, 553, -1, 231, 284, 56.7, 31, Ealpp, 108863, 17535, 56812, 3240, , 17535, 25000, 27930, 28490, 0, 
408, 1, 394, 554, -1, 326, 274, 56.7, 31, Ealpa, 119725, 16440, 53267, 3240, , 16440, 25000, 34607, 34811, 0, 
409, 1, 412, 390, -1, 402, 142, 57.0, 29, ABprapaaaap, 215937, 43680, 123179, 2820, , 43680, 25000, 54437, 53920, 0, 
410, 1, 415, 397, -1, 484, 226, 57.0, 29, MSpaaaapa, 294174, 33388, 94155, 2820, , 33388, 25000, 60505, 63144, 0, 
411, 1, 15, 401, -1, 516, 248, 57.0, 29, MSaaaaapap, 444122, 30842, 86975, 2820, , 30842, 25000, 66160, 67221, 0, 
412, 1, 423, 529, -1, 542, 306, 57.0, 27, ABplaaapaaaa, 229116, 53445, 124419, 2328, , 53445, 25000, 75015, 81996, 0, 
413, 1, 399, 413, -1, 541, 377, 56.7, 27, ABalpppaap, 177354, 42809, 94180, 2200, , 42809, 25000, 46629, 42886, 0, 
414, 1, 416, 402, -1, 548, 226, 57.0, 29, ABalapppapp, 271552, 43885, 123755, 2820, , 43885, 25000, 69391, 76837, 0, 
415, 1, 419, 422, -1, 312, 384, 58.0, 29, ABplappaaa, 232185, 23735, 66934, 2820, , 23735, 25000, 36852, 37843, 0, 
416, 1, 411, 414, -1, 384, 372, 58.0, 29, Daaaa, 349030, 24550, 69231, 2820, , 24550, 25000, 42183, 43660, 0, 
417, 1, 421, 395, -1, 436, 140, 58.0, 29, ABarpppaaa, 335106, 56542, 159449, 2820, , 56542, 25000, 42926, 41799, 0, 
418, 1, 14, 13, 433, 516, 330, 58.0, 29, ABalapaaaap, 383479, 39750, 112096, 2820, , 39750, 25000, 67267, 73688, 0, 
419, 1, 430, 417, -1, 550, 262, 58.3, 31, ABalapapap, 283589, 47443, 153716, 3240, , 47443, 25000, 69909, 77706, 0, 
420, 1, 424, 403, -1, 552, 194, 58.0, 29, ABarpaaapap, 249999, 49457, 139470, 2820, , 49457, 25000, 49950, 47755, 0, 
421, 1, 418, 404, -1, 580, 220, 58.0, 29, ABarpaaapaa, 272979, 55451, 156371, 2820, , 55451, 25000, 53373, 50717, 0, 
422, 1, 425, 420, -1, 262, 368, 59.0, 29, Capaapa, 246991, 22414, 63207, 2820, , 22414, 25000, 39708, 40981, 0, 
423, 1, 420, 408, -1, 336, 402, 59.0, 29, ABplapaapp, 251432, 30343, 85567, 2820, , 30343, 25000, 30734, 30702, 0, 
424, 1, 17, 423, -1, 346, 228, 58.7, 31, Earaad, 144196, 19450, 63018, 3240, , 19450, 25000, 37446, 37011, 0, 
425, 1, 422, 425, -1, 438, 304, 59.0, 29, ABaraapapa, 410736, 39622, 111735, 2820, , 39622, 25000, 55574, 58263, 0, 
426, 1, 417, 418, -1, 568, 330, 59.0, 29, ABalapaaapp, 242957, 34476, 97221, 2820, , 34476, 25000, 44646, 39862, 0, 
427, 1, 441, 405, -1, 144, 244, 60.0, 29, Caaapp, 155447, 18692, 52712, 2820, , 18692, 25000, 21661, 21661, 0, 
428, 1, 434, 407, -1, 228, 172, 60.0, 29, Cpppaap, 172611, 22092, 62300, 2820, , 22092, 25000, 28863, 28863, 0, 
429, 1, 435, 421, -1, 288, 270, 60.0, 29, Ealap, 106173, 13593, 38332, 2820, , 13593, 25000, 24298, 24554, 0, 
430, 1, 440, 426, -1, 491, 357, 59.5, 31, ABplaapaappap, 242821, 39935, 131627, 3296, , 39935, 25000, 62287, 69706, 0, 
431, 1, 429, 416, -1, 492, 188, 59.4, 31, MSpaappap, 407202, 33633, 113143, 3364, , 33633, 25000, 53772, 56697, 0, 
432, 1, 440, 427, -1, 502, 372, 60.0, 29, ABplaapaappaa, 253428, 39367, 111016, 2820, , 39367, 25000, 54091, 55655, 0, 
433, 1, 431, 428, -1, 574, 304, 60.0, 29, ABplaapaaapaaa, 307858, 42602, 120137, 2820, , 42602, 25000, 41828, 34520, 0, 
434, 1, 432, 429, -1, 588, 244, 60.0, 29, ABarpaaaaar, 284746, 48515, 136811, 2820, , 48515, 25000, 48405, 40677, 0, 
435, 1, 453, 555, -1, 264, 229, 60.9, 31, Eprap, 112477, 15766, 54489, 3456, , 15766, 25000, 24037, 24946, 0, 
436, 1, 427, 430, -1, 318, 352, 61.0, 29, Capaaaa, 210286, 20829, 58738, 2820, , 20829, 25000, 38011, 39566, 0, 
437, 1, 428, 424, -1, 352, 348, 61.0, 29, Dapaa, 398246, 20594, 58074, 2820, , 20594, 25000, 40054, 41433, 0, 
438, 1, 438, 432, -1, 446, 168, 61.0, 29, MSpppppa, 344086, 26556, 74889, 2820, , 26556, 25000, 49208, 48071, 0, 
439, 1, 439, 443, -1, 466, 392, 61.0, 29, ABalpppppppa, 122516, 47318, 133438, 2820, , 47318, 25000, 60484, 60727, 0, 
440, 1, 433, 439, -1, 198, 360, 62.0, 29, Capapap, 249895, 26245, 74010, 2820, , 26245, 25000, 32487, 32661, 0, 
441, 1, 445, 440, -1, 380, 288, 62.0, 29, MSaapaapp, 329851, 38902, 109703, 2820, , 38902, 25000, 43254, 44903, 0, 
442, 1, 442, 450, -1, 416, 286, 62.0, 29, ABaraapappa, 374584, 31493, 88810, 2820, , 31493, 25000, 51970, 55958, 0, 
443, 1, 436, 431, -1, 420, 208, 61.8, 27, MSppappapp, 385252, 85536, 188180, 2200, , 85536, 25000, 60975, 68382, 0, 
444, 1, 443, 434, -1, 560, 286, 62.0, 29, ABplaapaaapap, 282005, 52107, 146941, 2820, , 52107, 25000, 59540, 67226, 0, 
445, 1, 451, 448, -1, 570, 252, 62.0, 29, ABarpaaaaal, 288228, 60406, 170346, 2820, , 60406, 25000, 56581, 59178, 0, 
446, 1, 444, 449, -1, 210, 394, 63.0, 29, ABplapapaa, 245986, 25074, 70708, 2820, , 25074, 25000, 27925, 27514, 0, 
447, 1, 455, 436, -1, 344, 304, 63.0, 29, Earaava, 123419, 13202, 37231, 2820, , 13202, 25000, 29123, 28936, 0, 
448, 1, 446, 456, -1, 384, 264, 63.0, 29, MSaaapapp, 296828, 44300, 124927, 2820, , 44300, 25000, 61595, 67623, 0, 
449, 1, 448, 452, -1, 460, 340, 63.0, 29, MSapappaa, 326757, 44107, 124381, 2820, , 44107, 25000, 54886, 59743, 0, 
450, 1, 450, 444, -1, 491, 260, 62.8, 31, MSaaapaaa, 410203, 46176, 152196, 3296, , 46176, 25000, 69961, 74740, 0, 
451, 1, 459, 446, -1, 494, 220, 63.0, 29, MSpaaaaaa, 240166, 39911, 112548, 2820, , 39911, 25000, 53637, 59111, 0, 
452, 1, 452, -1, -1, 252, 270, 63.8, 31, Eplaa, 98840, 9300, 30652, 3296, , 9300, 25000, 18707, 18486, 0, 
453, 1, 454, 454, -1, 276, 358, 64.0, 29, Capaaapa, 206601, 24092, 67939, 2820, , 24092, 25000, 35820, 36903, 0, 
454, 1, 20, 14, -1, 280, 163, 63.8, 31, Dpppp, 250107, 12546, 41350, 3296, , 12546, 25000, 21067, 21058, 0, 
455, 1, 462, 441, -1, 397, 172, 64.0, 31, MSpppppp, 379985, 31895, 110103, 3452, , 31895, 25000, 43820, 46268, 0, 
456, 1, 447, 451, -1, 426, 350, 64.0, 29, ABplaapapap, 263418, 41045, 115746, 2820, , 41045, 25000, 54010, 60276, 0, 
457, 1, 449, 445, -1, 492, 315, 63.9, 31, MSapaaap, 328876, 32579, 112594, 3456, , 32579, 25000, 55914, 59543, 0, 
458, 1, 22, 447, 472, 534, 278, 64.0, 29, ABplaaaaapa, 294393, 46466, 131034, 2820, , 46466, 25000, 66374, 70532, 0, 
459, 1, 465, 461, -1, 539, 316, 64.0, 27, ABplaaapaaap, 237910, 47350, 110231, 2328, , 47350, 25000, 53620, 56041, 0, 
460, 1, 467, 453, -1, 551, 224, 64.0, 27, ABarpapapa, 262308, 36139, 84131, 2328, , 36139, 25000, 45143, 45316, 0, 
461, 1, 461, 455, -1, 364, 354, 65.0, 29, ABplapaaapp, 238410, 38979, 109921, 2820, , 38979, 25000, 42328, 47505, 0, 
462, 1, 456, 457, -1, 393, 368, 64.6, 31, ABplapaaapa, 197501, 33259, 111883, 3364, , 33259, 25000, 52006, 54706, 0, 
463, 1, 463, 458, -1, 420, 268, 65.0, 29, MSaaapapa, 317399, 34412, 97042, 2820, , 34412, 25000, 56665, 64375, 0, 
464, 1, 471, 459, -1, 452, 216, 65.0, 29, MSpaaaaap, 279348, 60109, 169508, 2820, , 60109, 25000, 54869, 59959, 0, 
465, 1, 464, 460, -1, 534, 340, 65.0, 29, ABplaaapaap, 404436, 36557, 103092, 2820, , 36557, 25000, 38396, 33728, 0, 
466, 1, 466, 462, -1, 174, 318, 66.0, 29, Capppa, 214767, 21123, 59566, 2820, , 21123, 25000, 25250, 25445, 0, 
467, 1, 468, 465, -1, 562, 276, 66.0, 29, ABarpaaaapa, 245426, 45645, 128719, 2820, , 45645, 25000, 43864, 38744, 0, 
468, 1, 469, 466, -1, 244, 341, 66.8, 27, Capapaa, 216741, 20390, 44858, 2200, , 20390, 25000, 30675, 30743, 0, 
469, 1, 479, 463, -1, 420, 164, 67.0, 29, ABarpaappp, 286533, 29522, 83251, 2820, , 29522, 25000, 32728, 32011, 0, 
470, 1, 472, 477, -1, 447, 265, 67.1, 23, MSaaaappap, 214064, 88204, 119252, 1352, , 88204, 25000, 72074, 78854, 0, 
471, 1, 470, 476, -1, 446, 362, 66.6, 31, ABplaaapapap, 252508, 32089, 107949, 3364, , 32089, 25000, 43012, 46508, 0, 
472, 1, 23, 470, -1, 474, 243, 67.0, 31, MSaaaaapp, 528569, 37564, 129671, 3452, , 37564, 25000, 55899, 62361, 0, 
473, 1, 476, 471, -1, 530, 212, 67.0, 29, ABarpaapaa, 363609, 24888, 70183, 2820, , 24888, 25000, 26763, 23244, 0, 
474, 1, 474, 480, -1, 254, 380, 68.0, 29, ABarppappa, 253201, 24609, 69396, 2820, , 24609, 25000, 30264, 29049, 0, 
475, 1, 475, 467, -1, 330, 244, 68.0, 29, Earaavp, 99091, 10872, 30658, 2820, , 10872, 25000, 21396, 21291, 0, 
476, 1, 486, 468, -1, 402, 222, 68.0, 29, MSpaaapaa, 253522, 41112, 115935, 2820, , 41112, 25000, 49404, 51138, 0, 
477, 1, 478, 469, -1, 404, 256, 68.0, 29, MSaaaappp, 310532, 34707, 97875, 2820, , 34707, 25000, 51498, 58183, 0, 
478, 1, 488, 475, -1, 432, 238, 68.0, 29, MSaaaapap, 324055, 26988, 76107, 2820, , 26988, 25000, 52759, 55059, 0, 
479, 1, 482, 464, -1, 488, 198, 68.0, 29, ABarpapapp, 259582, 27991, 78934, 2820, , 27991, 25000, 35095, 34147, 0, 
480, 1, 473, 481, -1, 514, 349, 67.4, 31, ABplaaapapp, 336918, 29909, 100615, 3364, , 29909, 25000, 31682, 29702, 0, 
481, 1, 477, 482, -1, 294, 380, 69.0, 29, ABplappapa, 243820, 20261, 57137, 2820, , 20261, 25000, 28478, 27971, 0, 
482, 1, 485, 474, -1, 372, 236, 69.0, 29, MSappppaa, 319496, 42376, 119500, 2820, , 42376, 25000, 48126, 50058, 0, 
483, 1, 480, 484, -1, 431, 380, 69.0, 31, ABplaaappp, 284178, 25548, 88191, 3452, , 25548, 25000, 29830, 28099, 0, 
484, 1, 481, 485, -1, 454, 308, 69.0, 29, MSapappap, 320368, 28978, 81718, 2820, , 28978, 25000, 50473, 50895, 0, 
485, 1, 483, 478, -1, 503, 299, 68.5, 31, ABplaaaaaap, 201510, 32306, 106479, 3296, , 32306, 25000, 52153, 55081, 0, 
486, 1, 24, 479, -1, 190, 230, 70.0, 29, Caaapa, 124895, 13702, 38640, 2820, , 13702, 25000, 15127, 15127, 0, 
487, 1, 490, 487, -1, 188, 329, 70.1, 31, Cpaapp, 177312, 17768, 61406, 3456, , 17768, 25000, 17962, 17370, 0, 
488, 1, 487, 483, -1, 402, 310, 70.0, 29, MSapppaa, 394883, 25033, 70592, 2820, , 25033, 25000, 41042, 46047, 0, 
489, 1, 489, 486, -1, 480, 358, 70.0, 29, ABplaaappa, 266769, 22334, 62982, 2820, , 22334, 25000, 30120, 29027, 0, 
490, 1, 493, 494, -1, 216, 302, 71.1, 27, Cappaap, 217319, 16440, 34525, 2100, , 16440, 25000, 22505, 22434, 0, 
491, 1, 484, 489, -1, 284, 322, 71.0, 29, Cappaaa, 224678, 17317, 48835, 2820, , 17317, 25000, 25450, 25720, 0, 
492, 1, 494, 495, -1, 322, 322, 71.0, 29, Dapap, 347951, 17535, 49449, 2820, , 17535, 25000, 29830, 30069, 0, 
493, 1, 570, 490, -1, 394, 182, 71.0, 29, ABarpppapa, 249157, 25351, 71490, 2820, , 25351, 25000, 28552, 28334, 0, 
494, 1, 498, 491, -1, 476, 276, 71.0, 29, MSapappp, 348419, 26121, 73661, 2820, , 26121, 25000, 45630, 45459, 0, 
495, 1, 495, 496, -1, 328, 368, 72.0, 29, ABarppapap, 253784, 19345, 54552, 2820, , 19345, 25000, 28443, 27757, 0, 
496, 1, 496, 497, -1, 346, 338, 72.0, 29, ABarppaapp, 261692, 31318, 88318, 2820, , 31318, 25000, 35281, 38277, 0, 
497, 1, 491, 498, -1, 366, 366, 72.0, 29, ABarppapaa, 256323, 25924, 73105, 2820, , 25924, 25000, 31478, 29873, 0, 
498, 1, 497, 499, -1, 370, 310, 72.0, 29, Daaap, 263609, 15371, 43346, 2820, , 15371, 25000, 33756, 34221, 0, 
499, 1, 500, 492, -1, 506, 242, 72.0, 29, ABplaaaappp, 319086, 26051, 73464, 2820, , 26051, 25000, 32822, 32729, 0, 
500, 1, 501, 488, -1, 242, 216, 73.0, 29, Caaaap, 106796, 12301, 34689, 2820, , 12301, 25000, 14193, 14127, 0, 
501, 1, 502, 18, -1, 280, 276, 73.4, 31, Dappp, 305453, 10912, 36709, 3364, , 10912, 25000, 18512, 18508, 0, 
502, 1, 499, 503, -1, 398, 354, 73.0, 29, ABarppaaap, 255011, 22430, 63252, 2820, , 22430, 25000, 33025, 32604, 0, 
503, 1, 503, 500, -1, 444, 208, 73.0, 29, ABarpaappa, 286146, 24869, 70131, 2820, , 24869, 25000, 28753, 27657, 0, 
504, 1, 504, -1, -1, 443, 346, 72.0, 25, ABplapaaaaa, 55234, 50894, 94255, 1852, , 50894, 25000, 34441, 35061, 0, 
505, 1, 505, 505, -1, 470, 228, 73.0, 29, ABarpaapap, 250573, 25350, 71486, 2820, , 25350, 25000, 31062, 28716, 0, 
506, 1, 510, 506, -1, 283, 208, 74.1, 31, Cpaaap, 142899, 13143, 45421, 3456, , 13143, 25000, 12581, 12808, 0, 
507, 1, 506, 502, 510, 328, 282, 74.0, 25, Dappa, 243500, 6225, 11529, 1852, , 6225, 25000, 15833, 15833, 0, 
508, 1, 507, 507, -1, 376, 278, 74.0, 29, MSappppp, 280321, 23926, 67471, 2820, , 23926, 25000, 32822, 33619, 0, 
509, 1, 508, 508, -1, 416, 264, 74.0, 29, MSappppap, 294054, 27078, 76359, 2820, , 27078, 25000, 39788, 39941, 0, 
510, 1, 540, 504, -1, 416, 324, 74.0, 29, ABplapaaaap, 154573, 27368, 77179, 2820, , 27368, 25000, 36395, 37161, 0, 
511, 1, 509, 509, -1, 246, 310, 74.7, 31, Cpaapa, 138734, 16160, 52360, 3240, , 16160, 25000, 16103, 15999, 0, 
512, 1, 511, 501, -1, 314, 204, 75.0, 29, Caaaaap, 104582, 8622, 24315, 2820, , 8622, 25000, 12505, 12046, 0, 
513, 1, 511, 511, -1, 349, 227, 74.9, 31, Caaaaaa, 145649, 16031, 55402, 3456, , 16031, 25000, 18655, 17654, 0, 
514, 1, 513, 513, -1, 430, 304, 74.7, 27, ABarppaaaa, 275388, 40650, 89431, 2200, , 40650, 25000, 40227, 42166, 0, 
515, 1, 512, 512, -1, 382, 238, 76.0, 29, Cpaaaap, 252033, 23697, 66825, 2820, , 23697, 25000, 28563, 28204, 0, 
516, 0, 31, -1, -1, 440, 296, 21.0, 29, , 185254, 0, 0, 0, , 0, 0, 0, 0, 0, 
517, 1, 30, 19, -1, 458, 339, 24.0, 31, ABalpapaapp, 307021, 48189, 166347, 3452, , 48189, 25000, 60700, 55935, 0, 
518, 1, 68, -1, -1, 539, 229, 25.0, 31, ABalaappapa, 414058, 52620, 181645, 3452, , 52620, 25000, 68526, 75815, 0, 
519, 0, 107, -1, -1, 538, 350, 27.0, 29, , 208465, 0, 0, 0, , 0, 0, 0, 0, 0, 
520, 0, -1, -1, -1, 408, 290, 29.1, 31, , 431255, -9986, 223459, 3456, , 64658, 25000, 69218, 74644, 0, 
521, 1, 519, -1, -1, 280, 251, 31.0, 31, MSpappapa, 262982, 39646, 136858, 3452, , 39646, 25000, 46028, 49540, 0, 
522, 1, 520, 562, -1, 314, 252, 31.1, 31, ABarappappap, 158839, 44793, 154806, 3456, , 44793, 25000, 49773, 54300, 0, 
523, 1, 522, 517, -1, 192, 404, 32.0, 29, ABplapppppa, 81648, 80677, 227510, 2820, , 80677, 25000, 35257, 32845, 0, 
524, 1, 138, 516, -1, 343, 272, 32.9, 31, ABprpapppapp, 298215, 46266, 159895, 3456, , 46266, 25000, 54852, 57850, 0, 
525, 0, 237, 563, -1, 386, 406, 38.0, 29, , 161823, 31701, 207615, 2820, , 73622, 25000, 47851, 41921, 0, 
526, 1, 525, 520, -1, 474, 385, 38.3, 31, ABplpaaapappa, 343432, 57295, 185637, 3240, , 57295, 25000, 78442, 82035, 0, 
527, 1, 256, 564, -1, 442, 178, 40.3, 31, ABpraaappaap, 366592, 62296, 201840, 3240, , 62296, 25000, 71215, 80970, 0, 
528, 1, 553, 523, -1, 585, 232, 43.1, 31, ABalappppaa, 397267, 51751, 178852, 3456, , 51751, 25000, 67166, 75273, 0, 
529, 1, 296, 294, -1, 580, 318, 43.0, 29, ABalaaaalal, 320084, 60324, 170113, 2820, , 60324, 25000, 70401, 75437, 0, 
530, 1, 292, -1, -1, 502, 360, 44.5, 31, ABalapaapaa, 511870, 55395, 182581, 3296, , 55395, 25000, 81939, 90855, 0, 
531, 1, 533, 526, -1, 548, 346, 47.8, 31, ABalapaapppp, 429583, 48394, 159507, 3296, , 48394, 25000, 65520, 74459, 0, 
532, 0, 566, -1, -1, 568, 294, 50.0, 29, , 271400, 0, 0, 0, , 0, 0, 0, 0, 0, 
533, 1, 355, 320, 381, 448, 232, 51.0, 29, ABaraaapapp, 338383, 47168, 133013, 2820, , 47168, 25000, 58125, 61875, 0, 
534, 1, 379, -1, -1, 206, 416, 54.0, 29, ABarppappppa, 88626, 75314, 212385, 2820, , 75314, 25000, 38014, 36221, 0, 
535, 1, 559, 531, -1, 454, 344, 59.0, 29, ABplaapapaa, 284278, 47851, 134940, 2820, , 47851, 25000, 55701, 64473, 0, 
536, 1, 537, 435, -1, 148, 338, 60.0, 29, Cpapapp, 208130, 25181, 71011, 2820, , 25181, 25000, 27030, 26820, 0, 
537, 1, 536, 438, -1, 528, 348, 61.0, 29, ABplaapaapa, 344062, 51427, 145024, 2820, , 51427, 25000, 55855, 64492, 0, 
538, 1, 538, -1, -1, 260, 372, 62.0, 29, Capaaapp, 171605, 33429, 94270, 2820, , 33429, 25000, 36974, 43398, 0, 
539, 1, 458, 442, -1, 434, 233, 63.2, 31, MSpaaappa, 367144, 34133, 112503, 3296, , 34133, 25000, 59164, 63387, 0, 
540, 1, 539, 532, -1, 526, 204, 63.0, 29, ABarpaaapp, 209658, 41022, 115682, 2820, , 41022, 25000, 46190, 48284, 0, 
541, 1, 561, 570, -1, 466, 242, 70.0, 29, MSaaaappaa, 398052, 37052, 104487, 2820, , 37052, 25000, 49715, 55111, 0, 
542, 0, 63, -1, -1, 286, 258, 28.0, 29, , 129321, -11818, 108633, 2820, , 38522, 25000, 46832, 50340, 0, 
543, 0, 4, -1, -1, 508, 318, 33.1, 31, , 493956, 0, 0, 0, , 0, 0, 0, 0, 0, 
544, 0, 56, -1, -1, 426, 224, 24.0, 29, , 207001, 0, 0, 0, , 0, 0, 0, 0, 0, 
545, 0, 70, -1, -1, 194, 280, 26.0, 29, , 91167, 0, 0, 0, , 0, 0, 0, 0, 0, 
546, 1, 210, 217, -1, 302, 350, 37.5, 31, ABplpppaaaaa, 216194, 41927, 138191, 3296, , 41927, 25000, 54013, 62488, 0, 
547, 0, 224, -1, -1, 280, 382, 39.0, 29, , 201709, 0, 0, 0, , 0, 0, 0, 0, 0, 
548, 1, 229, 228, -1, 492, 264, 39.0, 29, ABaraaaaapp, 304081, 62072, 175044, 2820, , 62072, 25000, 68675, 81282, 0, 
549, 1, 244, 229, -1, 533, 206, 40.1, 31, ABpraaapapap, 354600, 53736, 185711, 3456, , 53736, 25000, 85521, 96010, 0, 
550, 1, 284, 299, -1, 325, 355, 44.0, 31, ABplppapaaappa, 210098, 46684, 161152, 3452, , 46684, 25000, 49003, 52597, 0, 
551, 1, 335, 290, -1, 538, 162, 48.0, 29, ABarpappaap, 381571, 44323, 124991, 2820, , 44323, 25000, 43825, 34804, 0, 
552, 0, 515, -1, -1, 366, 222, 26.8, 31, , 189749, 0, 0, 0, , 0, 0, 0, 0, 0, 
553, 0, 521, -1, -1, 552, 334, 31.9, 31, , 426001, 0, 0, 0, , 0, 0, 0, 0, 0, 
554, 0, 524, -1, -1, 484, 184, 37.0, 29, , 235067, 0, 0, 0, , 0, 0, 0, 0, 0, 
555, 0, 526, -1, -1, 580, 278, 40.8, 31, , 362801, 0, 0, 0, , 0, 0, 0, 0, 0, 
556, 1, -1, 264, -1, 501, 375, 42.5, 31, Nuc201_43_501_375, 392426, 71830, 236753, 3296, , 71830, 25000, 76675, 90950, 0, 
557, 0, 532, -1, -1, 522, 180, 47.1, 31, , 361945, 0, 0, 0, , 0, 0, 0, 0, 0, 
558, 0, 535, -1, -1, 493, 368, 56.5, 31, , 252318, 0, 0, 0, , 0, 0, 0, 0, 0, 
559, 0, 541, -1, -1, 474, 260, 22.0, 29, , 210467, 0, 0, 0, , 0, 0, 0, 0, 0, 
560, 0, 542, -1, -1, 513, 385, 45.4, 31, , 363851, 0, 0, 0, , 0, 0, 0, 0, 0, 
561, 0, 543, -1, -1, 517, 180, 50.3, 31, , 297701, 0, 0, 0, , 0, 0, 0, 0, 0, 
562, 0, 6, -1, -1, 502, 318, 38.6, 31, , 440429, -15316, 208152, 3364, , 61876, 25000, 76841, 77192, 0, 
563, 0, 110, -1, -1, 255, 230, 30.1, 31, , 142900, 0, 0, 0, , 0, 0, 0, 0, 0, 
564, 1, 260, 231, -1, 577, 227, 41.2, 31, ABalappappa, 392964, 49105, 161849, 3296, , 49105, 25000, 74118, 80827, 0, 
565, 1, 360, 352, -1, 593, 281, 49.8, 27, ABplaapaaaa, 286505, 57819, 127202, 2200, , 57819, 25000, 54119, 51399, 0, 
566, 0, 377, -1, -1, 576, 210, 52.0, 29, , 327003, 0, 0, 0, , 0, 0, 0, 0, 0, 
567, 1, -1, -1, -1, 520, 281, 20.0, 27, Nuc201_20_520_281, 0, 53252, 123970, 2328, , 53252, 25000, 59634, 59479, 0, 
568, 1, -1, -1, -1, 476, 320, 41.0, 27, Nuc201_41_476_320, 0, 56023, 130421, 2328, , 56023, 25000, 69245, 72819, 0, 
569, 1, -1, -1, -1, 520, 315, 36.0, 27, Nuc201_36_520_315, 0, 53035, 123466, 2328, , 53035, 25000, 78458, 88468, 0, 
570, 1, 578, -1, -1, 407, 349, 45.0, 27, MSappappap, 0, 87720, 204213, 2328, , 87720, 25000, 64774, 78176, 0, 
571, 1, -1, -1, -1, 452, 298, 40.0, 27, Nuc201_40_452_298, 0, 102259, 238060, 2328, , 102259, 25000, 76700, 81711, 0, 
572, 1, -1, -1, -1, 152, 220, 37.0, 27, Nuc201_37_152_220, 0, 56902, 132468, 2328, , 56902, 25000, 36346, 36993, 0, 
573, 1, -1, -1, -1, 210, 334, 31.0, 31, Nuc201_31_210_334, 0, 38996, 134614, 3452, , 38996, 25000, 44229, 47806, 0, 
574, 1, -1, -1, -1, 220, 332, 22.0, 31, Nuc201_22_220_332, 0, 32191, 111123, 3452, , 32191, 25000, 37439, 35136, 0, 
575, 1, -1, -1, -1, 289, 257, 43.0, 39, Nuc201_43_289_257, 0, 9630, 65405, 6792, , 9630, 25000, 31445, 30920, 0, 
576, 1, -1, -1, -1, 286, 320, 46.0, 39, Nuc201_46_286_320, 0, 13131, 89185, 6792, , 13131, 25000, 33099, 33542, 0, 
577, 1, -1, -1, -1, 177, 277, 32.0, 33, Nuc201_32_177_277, 0, 33197, 142085, 4280, , 33197, 25000, 38314, 42141, 0, 
578, 1, -1, -1, -1, 202, 281, 31.0, 33, Nuc201_31_202_281, 0, 35369, 151381, 4280, , 35369, 25000, 38563, 42922, 0, 
579, 0, -1, -1, -1, 240, 386, 42.0, 25, , 0, 0, 0, 0, , 0, 0, 0, 0, 0, 
580, 1, 579, -1, -1, 418, 282, 26.0, 31, ABarappapaaa, 0, 63295, 218493, 3452, , 63295, 25000, 69313, 81213, 0, 
581, 1, 543, -1, -1, 528, 180, 49.0, 31, ABalappapap, 0, 56979, 196691, 3452, , 56979, 25000, 66350, 78220, 0, 
582, 1, -1, -1, -1, 488, 322, 32.0, 21, Nuc201_32_488_322, 0, 124704, 131687, 1056, , 124704, 25000, 83772, 89293, 0, 
583, 1, -1, -1, -1, 551, 336, 34.0, 25, Nuc201_34_551_336, 0, 53308, 98727, 1852, , 53308, 25000, 67135, 72475, 0, 
